15
23
26
32
45
66
82
82
84
89
99
118
122
131
135
137
146
151
167
186
200
204
205
209
215
220
225
229
235
239
248
301
309
309
315
317
318
335
336
338
339
345
349
350
360
377
385
389
395
396
400
411
425
435
446
449
459
469
479
482
496
508
508
528
529
531
551
555
557
560
560
561
565
570
576
588
612
624
629
655
659
659
664
696
720
722
731
739
741
741
751
754
755
761
792
796
797
801
802
806
810
814
819
842
856
867
885
887
894
902
906
907
911
913
919
936
936
939
945
949
963
967
968
982
983
987
997
998
1008
1019
1023
1029
1048
1058
1075
1087
1092
1094
1097
1106
1110
1111
1116
1121
1124
1146
1149
1154
1161
1168
1173
1174
1180
1181
1193
1198
1204
1207
1213
1221
1221
1227
1237
1241
1265
1284
1289
1293
1297
1297
1304
1311
1315
1332
1334
1338
1347
1351
1358
1376
1380
1392
1395
1402
1402
1403
1408
1410
1418
1419
1426
1429
1431
1452
1457
1460
1497
1498
1504
1506
1513
1515
1517
1528
1529
1533
1548
1549
1568
1578
1580
1588
1591
1593
1603
1634
1643
1655
1656
1660
1662
1678
1681
1687
1689
1710
1716
1721
1722
1723
1724
1726
1729
1732
1754
1754
1762
1785
1795
1804
1806
1817
1817
1824
1825
1836
1840
1841
1863
1869
1870
1871
1872
1906
1931
1933
1939
1946
1981
1983
1985
1986
1994
1997
1998
2010
2011
2011
2016
2022
2024
2024
2026
2054
2056
2065
2085
2089
2091
2092
2099
2110
2112
2114
2117
2118
2122
2124
2135
2141
2141
2150
2156
2160
2170
2178
2179
2190
2193
2200
2206
2206
2211
2219
2235
2252
2259
2268
2282
2295
2306
2311
2329
2334
2336
2339
2340
2343
2345
2357
2368
2375
2395
2398
2402
2414
2419
2420
2423
2430
2440
2446
2454
2454
2468
2470
2474
2479
2488
2489
2498
2516
2534
2545
2550
2551
2561
2567
2581
2612
2612
2617
2626
2627
2634
2643
2667
2681
2681
2698
2712
2725
2744
2744
2750
2765
2774
2786
2788
2813
2816
2819
2828
2849
2850
2851
2853
2867
2872
2875
2885
2885
2890
2893
2907
2909
2910
2914
2925
2960
2967
2972
2987
3000
3004
3008
3013
3017
3025
3038
3071
3076
3089
3105
3111
3113
3122
3139
3142
3144
3149
3158
3176
3176
3200
3204
3212
3215
3226
3226
3238
3249
3254
3267
3294
3308
3309
3316
3321
3327
3331
3335
3365
3376
3387
3390
3403
3404
3409
3414
3419
3420
3431
3451
3476
3478
3480
3487
3488
3518
3519
3536
3542
3555
3560
3572
3579
3595
3595
3601
3638
3638
3639
3644
3651
3652
3666
3667
3667
3681
3695
3698
3707
3710
3722
3726
3726
3740
3742
3749
3763
3803
3808
3809
3829
3837
3838
3852
3864
3866
3877
3882
3887
3893
3896
3905
3910
3922
3937
3940
3947
3953
3963
3965
3980
3988
3991
3997
4001
4002
4002
4008
4032
4040
4041
4050
4052
4052
4061
4066
4066
4070
4077
4107
4108
4112
4114
4114
4128
4131
4131
4138
4171
4177
4180
4191
4200
4204
4214
4217
4225
4229
4233
4234
4238
4240
4249
4249
4260
4286
4287
4299
4303
4314
4316
4328
4340
4351
4355
4359
4364
4367
4376
4379
4388
4394
4419
4430
4440
4441
4456
4459
4460
4460
4484
4509
4511
4516
4516
4529
4549
4565
4569
4578
4589
4590
4590
4600
4601
4602
4617
4619
4626
4628
4636
4638
4642
4660
4662
4671
4675
4677
4693
4700
4709
4713
4716
4717
4719
4733
4736
4737
4740
4763
4767
4770
4793
4797
4802
4812
4814
4819
4821
4822
4824
4828
4834
4836
4839
4841
4851
4860
4867
4883
4883
4886
4898
4905
4912
4917
4933
4941
4942
4944
4951
4952
4952
4982
4982
4983
4992
4995
5002
5007
5016
5025
5026
5029
5030
5031
5032
5048
5056
5058
5066
5070
5076
5078
5089
5154
5161
5162
5182
5185
5206
5220
5231
5238
5256
5268
5271
5271
5285
5293
5308
5313
5322
5325
5327
5333
5339
5344
5350
5358
5372
5376
5390
5400
5401
5401
5402
5413
5414
5432
5440
5443
5444
5457
5472
5500
5506
5522
5552
5553
5580
5580
5590
5596
5602
5614
5623
5633
5635
5639
5639
5670
5678
5682
5689
5696
5719
5725
5744
5746
5792
5796
5814
5822
5825
5834
5839
5848
5858
5862
5865
5867
5875
5883
5885
5892
5910
5913
5919
5920
5928
5932
5942
5952
5953
5955
5974
5974
5983
5990
5998
6007
6015
6021
6033
6040
6057
6072
6073
6073
6079
6099
6108
6114
6117
6120
6123
6124
6139
6143
6147
6157
6163
6164
6170
6179
6192
6209
6213
6216
6235
6238
6240
6256
6259
6263
6272
6272
6274
6277
6282
6286
6299
6314
6317
6324
6333
6336
6353
6375
6381
6390
6401
6421
6423
6440
6444
6450
6451
6458
6470
6481
6482
6482
6506
6510
6514
6517
6528
6541
6546
6547
6577
6579
6587
6590
6598
6605
6609
6621
6622
6625
6644
6650
6662
6686
6691
6713
6716
6726
6743
6765
6769
6773
6802
6810
6815
6820
6821
6837
6840
6855
6856
6861
6863
6879
6881
6910
6914
6940
6949
6953
6974
6984
7000
7015
7022
7025
7047
7053
7067
7071
7071
7075
7078
7083
7084
7095
7099
7111
7122
7134
7135
7164
7166
7166
7176
7190
7192
7200
7201
7201
7205
7210
7210
7219
7238
7278
7283
7283
7286
7293
7297
7298
7298
7313
7324
7335
7340
7341
7356
7362
7369
7374
7377
7383
7383
7396
7403
7404
7432
7433
7466
7470
7473
7475
7490
7501
7530
7540
7553
7555
7559
7572
7575
7576
7579
7580
7580
7581
7587
7587
7588
7588
7592
7601
7620
7621
7622
7622
7623
7630
7636
7640
7661
7665
7672
7690
7695
7715
7716
7728
7737
7739
7739
7761
7761
7767
7771
7777
7779
7784
7786
7802
7812
7823
7827
7829
7831
7837
7861
7861
7871
7903
7908
7910
7911
7918
7924
7940
7947
7964
7966
7988
7989
7994
8011
8021
8025
8030
8042
8043
8052
8054
8057
8058
8086
8089
8093
8098
8159
8160
8160
8168
8169
8194
8206
8211
8212
8215
8218
8218
8232
8253
8256
8257
8272
8286
8289
8295
8305
8310
8319
8319
8319
8330
8337
8345
8350
8354
8373
8385
8395
8402
8408
8415
8418
8435
8436
8449
8455
8456
8467
8473
8482
8494
8505
8507
8516
8524
8527
8532
8533
8550
8566
8572
8588
8610
8615
8617
8623
8625
8634
8643
8650
8651
8667
8674
8676
8691
8714
8748
8750
8753
8758
8779
8782
8787
8803
8856
8859
8879
8889
8894
8897
8908
8918
8922
8926
8940
8944
8947
8966
8975
8983
8984
8986
8992
8993
8994
8995
8998
8998
9002
9031
9045
9057
9058
9063
9069
9072
9073
9076
9096
9101
9130
9136
9139
9148
9163
9163
9165
9167
9168
9169
9188
9197
9199
9199
9204
9208
9219
9221
9233
9234
9266
9269
9278
9282
9283
9295
9300
9306
9306
9315
9354
9366
9377
9404
9420
9422
9438
9462
9464
9474
9481
9483
9486
9488
9500
9506
9516
9527
9530
9532
9535
9553
9569
9570
9580
9583
9585
9594
9599
9602
9609
9616
9619
9621
9626
9642
9642
9654
9663
9673
9684
9696
9701
9704
9718
9721
9721
9724
9753
9753
9766
9773
9776
9788
9788
9794
9798
9804
9812
9813
9817
9819
9830
9850
9854
9861
9870
9884
9888
9918
9923
9924
9971
9984
9994
9995
9998
10011
10033
10040
10040
10049
10052
10074
10081
10086
10109
10113
10115
10116
10117
10122
10129
10136
10139
10141
10155
10169
10171
10177
10178
10198
10201
10217
10226
10255
10265
10289
10291
10298
10305
10316
10321
10325
10328
10345
10355
10357
10360
10373
10375
10379
10385
10386
10387
10391
10393
10430
10437
10445
10453
10457
10464
10470
10479
10484
10494
10502
10522
10527
10548
10551
10552
10561
10569
10577
10584
10590
10594
10596
10628
10630
10636
10643
10645
10659
10662
10668
10682
10683
10686
10686
10687
10692
10694
10694
10697
10698
10702
10704
10715
10722
10733
10736
10767
10771
10773
10779
10783
10805
10805
10829
10843
10854
10863
10885
10888
10890
10894
10898
10899
10901
10908
10914
10915
10916
10923
10923
10923
10927
10933
10935
10937
10946
10955
10960
10961
10965
10968
10969
10971
10973
10977
10980
10997
10997
11003
11010
11015
11017
11051
11065
11079
11083
11087
11104
11112
11114
11119
11147
11147
11152
11167
11167
11172
11172
11174
11182
11183
11188
11190
11212
11218
11221
11225
11227
11231
11265
11283
11284
11295
11296
11305
11307
11307
11318
11321
11333
11339
11340
11347
11355
11359
11360
11374
11377
11385
11399
11418
11426
11431
11436
11451
11453
11462
11471
11473
11477
11490
11506
11511
11517
11517
11522
11523
11531
11532
11546
11558
11558
11562
11566
11571
11579
11584
11590
11593
11602
11611
11624
11625
11633
11640
11642
11647
11654
11664
11670
11675
11677
11680
11683
11696
11698
11705
11708
11710
11711
11719
11724
11736
11739
11744
11745
11745
11747
11752
11757
11766
11770
11781
11781
11782
11786
11789
11793
11811
11830
11831
11837
11843
11845
11858
11871
11872
11875
11875
11917
11919
11936
11944
11968
11992
12002
12021
12031
12046
12049
12059
12060
12076
12081
12093
12099
12100
12106
12107
12126
12127
12132
12141
12148
12151
12158
12166
12166
12166
12170
12185
12193
12199
12206
12210
12225
12234
12235
12239
12245
12258
12261
12274
12275
12285
12291
12292
12313
12320
12337
12354
12357
12363
12363
12366
12376
12379
12386
12397
12417
12428
12436
12458
12476
12489
12500
12513
12515
12517
12524
12527
12532
12538
12538
12548
12558
12559
12567
12585
12591
12602
12610
12614
12626
12645
12648
12654
12684
12690
12707
12728
12732
12735
12740
12745
12749
12750
12755
12768
12771
12787
12812
12832
12834
12834
12835
12835
12860
12869
12872
12883
12893
12896
12917
12919
12920
12921
12923
12926
12929
12930
12930
12930
12931
12943
12948
12952
12954
12971
12987
12993
12998
13014
13016
13017
13022
13039
13039
13042
13057
13061
13062
13064
13082
13095
13103
13107
13115
13121
13124
13128
13143
13148
13148
13160
13174
13187
13193
13199
13203
13214
13214
13219
13243
13246
13248
13253
13262
13266
13276
13276
13281
13299
13303
13307
13313
13320
13324
13337
13357
13357
13359
13361
13362
13373
13384
13385
13394
13395
13399
13411
13415
13419
13420
13422
13425
13427
13428
13461
13462
13464
13465
13473
13493
13498
13499
13506
13525
13527
13556
13559
13570
13622
13646
13656
13656
13665
13669
13684
13692
13700
13716
13716
13727
13730
13733
13746
13748
13749
13755
13762
13763
13766
13767
13775
13806
13809
13835
13846
13852
13854
13855
13861
13875
13875
13876
13890
13897
13903
13905
13909
13909
13918
13920
13930
13935
13938
13944
13946
13947
13953
13979
13983
13994
14001
14004
14005
14009
14010
14011
14030
14033
14038
14042
14053
14061
14068
14073
14089
14100
14106
14109
14117
14126
14140
14155
14164
14164
14167
14184
14185
14186
14190
14190
14201
14209
14217
14228
14229
14265
14280
14281
14308
14327
14330
14338
14340
14357
14359
14378
14378
14384
14391
14394
14415
14416
14420
14423
14436
14454
14469
14474
14475
14482
14482
14502
14502
14524
14528
14542
14547
14549
14551
14565
14566
14589
14594
14618
14621
14640
14640
14644
14654
14664
14674
14681
14683
14699
14730
14733
14736
14739
14751
14761
14770
14770
14772
14774
14775
14786
14789
14793
14800
14803
14826
14827
14834
14845
14855
14856
14857
14900
14900
14903
14905
14906
14910
14914
14916
14920
14927
14939
14950
14952
14961
14968
14989
14994
15012
15015
15018
15048
15051
15061
15067
15075
15077
15084
15089
15090
15095
15107
15108
15139
15142
15148
15150
15155
15157
15158
15166
15173
15174
15175
15178
15182
15195
15198
15198
15198
15207
15218
15228
15240
15240
15244
15252
15256
15265
15272
15274
15276
15277
15278
15287
15291
15312
15319
15319
15338
15347
15351
15359
15366
15372
15389
15399
15413
15417
15418
15433
15446
15450
15453
15458
15464
15478
15483
15490
15490
15516
15521
15530
15535
15540
15546
15547
15553
15564
15569
15570
15575
15578
15579
15626
15627
15630
15654
15664
15676
15678
15688
15695
15699
15705
15737
15748
15756
15766
15802
15805
15822
15822
15839
15843
15846
15846
15857
15863
15872
15879
15894
15898
15899
15902
15905
15923
15933
15938
15942
15945
15945
15946
15962
15968
15980
15987
15999
15999
16004
16004
16019
16025
16027
16028
16036
16036
16055
16063
16075
16112
16124
16131
16132
16138
16153
16158
16185
16191
16191
16195
16207
16234
16245
16256
16273
16276
16288
16290
16305
16309
16313
16320
16320
16321
16322
16333
16333
16353
16356
16360
16361
16370
16370
16371
16377
16395
16408
16424
16425
16425
16429
16429
16435
16437
16438
16439
16441
16445
16474
16481
16502
16520
16539
16545
16552
16625
16640
16640
16652
16653
16658
16662
16668
16671
16676
16683
16686
16686
16701
16710
16713
16732
16735
16737
16740
16748
16749
16761
16780
16783
16789
16791
16823
16823
16825
16832
16833
16834
16836
16858
16874
16894
16906
16919
16921
16931
16951
16953
16954
16956
16963
16970
16971
16974
16974
16974
16983
16986
16988
16991
16995
16999
17028
17032
17036
17053
17058
17063
17063
17066
17078
17083
17085
17088
17088
17094
17098
17107
17112
17127
17141
17165
17185
17188
17189
17192
17204
17206
17214
17214
17235
17237
17252
17264
17276
17283
17285
17295
17303
17307
17314
17322
17331
17331
17343
17347
17347
17349
17372
17379
17381
17409
17412
17417
17417
17420
17425
17431
17444
17469
17485
17493
17494
17495
17497
17501
17504
17515
17516
17517
17524
17524
17524
17528
17552
17562
17562
17573
17577
17584
17603
17604
17613
17619
17621
17625
17631
17663
17670
17671
17675
17675
17692
17694
17695
17696
17703
17708
17712
17717
17717
17721
17736
17744
17748
17750
17755
17762
17771
17791
17792
17796
17798
17809
17811
17813
17816
17819
17831
17832
17854
17867
17870
17878
17882
17886
17889
17898
17900
17908
17909
17909
17912
17917
17918
17931
17935
17945
17957
17959
17960
17963
17998
18029
18034
18036
18042
18066
18086
18089
18103
18104
18106
18113
18123
18124
18143
18144
18144
18146
18161
18171
18175
18178
18182
18186
18187
18199
18208
18209
18214
18216
18238
18243
18247
18251
18254
18267
18301
18303
18307
18315
18319
18336
18337
18350
18352
18361
18369
18370
18374
18377
18393
18409
18417
18419
18433
18436
18445
18446
18451
18468
18469
18471
18486
18489
18490
18493
18511
18514
18517
18522
18525
18526
18529
18531
18554
18570
18574
18575
18579
18590
18617
18643
18644
18645
18677
18686
18692
18694
18695
18705
18717
18730
18732
18736
18737
18739
18742
18743
18793
18795
18797
18799
18826
18831
18831
18833
18853
18863
18880
18888
18894
18897
18899
18900
18901
18909
18968
18980
18987
18992
19001
19002
19006
19020
19024
19048
19054
19058
19068
19075
19096
19104
19122
19133
19133
19140
19144
19146
19149
19151
19175
19179
19182
19185
19196
19197
19203
19207
19208
19224
19238
19243
19249
19252
19264
19282
19284
19287
19292
19301
19310
19311
19324
19329
19329
19332
19336
19343
19353
19398
19409
19413
19433
19436
19445
19451
19452
19456
19486
19487
19498
19500
19508
19510
19529
19530
19533
19546
19547
19557
19634
19638
19643
19669
19669
19671
19684
19707
19718
19720
19720
19726
19749
19751
19751
19756
19756
19759
19762
19779
19814
19822
19830
19842
19844
19857
19859
19864
19884
19896
19896
19912
19913
19930
19939
19946
19952
19952
19955
19958
19958
19970
19997
19999
20007
20015
20018
20020
20039
20051
20059
20062
20078
20085
20096
20107
20114
20115
20118
20128
20140
20142
20152
20154
20166
20180
20181
20187
20204
20205
20209
20219
20229
20237
20239
20242
20247
20265
20274
20285
20312
20313
20315
20320
20350
20360
20361
20367
20377
20392
20405
20408
20412
20439
20451
20453
20454
20460
20485
20488
20495
20499
20508
20514
20520
20522
20527
20533
20535
20553
20555
20572
20573
20580
20587
20598
20620
20620
20621
20628
20637
20637
20641
20644
20650
20660
20673
20685
20686
20693
20696
20706
20709
20715
20737
20741
20751
20787
20816
20822
20823
20843
20847
20865
20872
20897
20908
20933
20941
20943
20960
20973
20973
20976
20989
20997
21004
21017
21020
21023
21025
21025
21026
21038
21052
21063
21071
21077
21080
21089
21097
21116
21117
21125
21134
21137
21138
21145
21152
21161
21165
21166
21179
21189
21190
21192
21199
21206
21214
21225
21235
21240
21272
21274
21276
21280
21280
21289
21290
21307
21309
21315
21320
21328
21331
21343
21347
21356
21366
21375
21388
21389
21392
21393
21395
21398
21399
21404
21406
21415
21421
21430
21430
21448
21451
21461
21462
21466
21468
21469
21470
21475
21478
21479
21487
21492
21497
21504
21508
21524
21575
21618
21625
21645
21646
21660
21674
21675
21677
21679
21711
21716
21716
21717
21720
21725
21740
21740
21754
21762
21781
21790
21796
21820
21825
21841
21847
21857
21857
21859
21861
21865
21874
21878
21882
21917
21925
21926
21931
21948
21956
21956
21977
21977
21984
21985
21998
21998
22008
22009
22012
22015
22018
22028
22030
22034
22041
22058
22074
22089
22093
22105
22118
22126
22132
22134
22139
22146
22148
22152
22154
22158
22160
22164
22198
22200
22202
22212
22228
22252
22253
22257
22261
22263
22264
22266
22272
22275
22275
22278
22280
22281
22295
22307
22322
22332
22344
22352
22355
22356
22366
22377
22385
22394
22396
22410
22432
22442
22454
22477
22496
22498
22502
22513
22514
22529
22540
22543
22546
22554
22561
22590
22642
22643
22644
22679
22685
22685
22689
22690
22704
22713
22744
22755
22756
22763
22764
22770
22784
22798
22798
22807
22818
22829
22830
22830
22835
22845
22857
22864
22868
22886
22897
22902
22906
22919
22931
22934
22938
22940
22945
22954
22958
22977
22980
23007
23012
23021
23025
23028
23036
23046
23058
23070
23073
23085
23095
23101
23104
23115
23117
23119
23122
23141
23142
23144
23150
23158
23172
23186
23188
23193
23204
23205
23208
23210
23263
23266
23286
23299
23306
23307
23316
23319
23321
23323
23326
23337
23338
23341
23367
23377
23377
23379
23380
23388
23397
23397
23404
23406
23406
23408
23413
23413
23418
23422
23451
23452
23468
23470
23471
23472
23474
23487
23490
23491
23491
23493
23512
23524
23544
23554
23556
23556
23562
23569
23582
23582
23593
23599
23602
23608
23616
23627
23641
23645
23645
23647
23674
23681
23693
23695
23696
23700
23706
23712
23728
23751
23757
23774
23777
23786
23806
23813
23815
23840
23845
23847
23860
23868
23869
23884
23885
23899
23914
23922
23934
23943
23953
23980
23980
23995
23996
24018
24022
24031
24033
24037
24044
24067
24067
24070
24075
24083
24089
24098
24115
24117
24121
24122
24130
24132
24133
24134
24158
24204
24207
24217
24233
24235
24238
24242
24251
24256
24260
24276
24297
24299
24305
24306
24307
24315
24333
24337
24341
24341
24343
24351
24354
24356
24363
24365
24366
24373
24378
24389
24389
24402
24421
24423
24438
24463
24463
24468
24477
24480
24481
24491
24516
24521
24528
24529
24547
24553
24567
24580
24586
24589
24598
24609
24632
24632
24638
24653
24657
24660
24663
24685
24689
24692
24706
24730
24748
24749
24772
24794
24795
24811
24816
24821
24821
24825
24834
24850
24859
24866
24870
24879
24893
24905
24910
24913
24913
24919
24928
24940
24942
24978
24987
24993
24994
25006
25013
25015
25019
25021
25043
25051
25063
25065
25066
25069
25070
25083
25087
25092
25104
25106
25119
25131
25134
25147
25155
25164
25171
25176
25188
25194
25202
25208
25214
25225
25230
25240
25240
25243
25255
25260
25284
25289
25316
25320
25320
25328
25336
25337
25359
25371
25383
25403
25412
25413
25415
25439
25456
25457
25461
25468
25471
25546
25560
25569
25570
25590
25592
25609
25621
25647
25651
25662
25669
25679
25683
25708
25714
25720
25721
25726
25730
25756
25762
25777
25777
25797
25808
25841
25850
25851
25858
25860
25870
25887
25890
25894
25895
25902
25905
25912
25919
25924
25929
25933
25942
25957
25960
25962
25967
25978
25991
25997
26003
26005
26009
26012
26015
26016
26019
26034
26039
26043
26059
26063
26065
26078
26090
26099
26105
26117
26118
26136
26150
26155
26155
26158
26169
26180
26190
26191
26197
26200
26212
26216
26226
26235
26238
26240
26257
26259
26263
26288
26297
26300
26302
26308
26309
26318
26323
26331
26340
26348
26363
26376
26379
26381
26383
26450
26454
26472
26475
26478
26481
26490
26494
26504
26509
26517
26519
26547
26549
26559
26572
26578
26598
26604
26607
26619
26623
26623
26634
26644
26648
26651
26653
26661
26669
26672
26684
26695
26707
26709
26716
26729
26751
26752
26758
26760
26760
26767
26774
26785
26788
26794
26798
26805
26813
26814
26823
26839
26840
26852
26863
26866
26866
26884
26899
26901
26904
26904
26910
26942
26943
26956
26961
26964
26967
26978
27006
27006
27021
27026
27029
27032
27036
27038
27060
27061
27071
27071
27080
27101
27101
27105
27107
27113
27122
27144
27144
27176
27176
27177
27177
27186
27198
27205
27205
27211
27219
27219
27230
27238
27240
27256
27262
27302
27305
27321
27322
27341
27344
27346
27367
27381
27381
27387
27393
27393
27394
27396
27406
27410
27413
27414
27426
27435
27435
27438
27441
27456
27459
27490
27492
27518
27520
27524
27530
27548
27550
27559
27568
27581
27583
27596
27604
27605
27605
27611
27615
27623
27623
27631
27641
27647
27650
27653
27658
27666
27677
27682
27686
27687
27689
27695
27708
27714
27719
27723
27730
27731
27747
27756
27756
27769
27771
27776
27781
27787
27791
27791
27798
27822
27828
27831
27845
27857
27864
27865
27875
27898
27901
27905
27907
27913
27913
27923
27924
27929
27949
27963
27979
27991
27997
28003
28005
28006
28014
28019
28024
28025
28054
28066
28068
28078
28095
28099
28099
28113
28133
28138
28141
28141
28151
28152
28154
28158
28167
28173
28181
28184
28188
28193
28193
28204
28218
28225
28226
28252
28266
28274
28275
28276
28287
28304
28320
28325
28327
28342
28352
28360
28392
28394
28402
28406
28421
28422
28427
28434
28461
28470
28478
28478
28485
28489
28497
28502
28514
28517
28541
28542
28547
28549
28549
28590
28594
28595
28600
28606
28617
28620
28626
28642
28642
28650
28657
28660
28673
28673
28676
28683
28684
28691
28703
28705
28711
28716
28718
28739
28758
28777
28781
28788
28791
28805
28808
28809
28818
28822
28824
28826
28828
28829
28829
28831
28835
28843
28852
28856
28864
28876
28889
28893
28899
28901
28909
28923
28940
28940
28957
28969
28972
28993
29005
29014
29018
29022
29036
29038
29048
29053
29055
29086
29087
29089
29092
29112
29137
29152
29154
29155
29155
29165
29168
29195
29199
29210
29216
29225
29229
29230
29266
29267
29269
29277
29297
29308
29310
29314
29315
29328
29337
29363
29373
29382
29388
29431
29444
29476
29482
29492
29499
29501
29505
29512
29525
29533
29533
29547
29557
29567
29570
29578
29583
29591
29594
29607
29621
29626
29632
29655
29665
29673
29675
29678
29694
29705
29710
29714
29716
29732
29753
29778
29779
29810
29825
29828
29861
29868
29873
29890
29895
29905
29905
29917
29926
29941
29952
29955
29957
29966
29973
29983
29985
29989
29993
29996
30003
30013
30016
30019
30021
30022
30028
30030
30046
30046
30049
30051
30057
30059
30081
30092
30111
30134
30144
30149
30157
30162
30175
30182
30195
30205
30220
30234
30235
30254
30268
30273
30294
30297
30308
30317
30319
30322
30324
30336
30350
30367
30371
30380
30382
30395
30418
30420
30436
30445
30452
30454
30458
30466
30474
30475
30488
30493
30493
30500
30512
30521
30525
30536
30557
30565
30589
30613
30619
30622
30626
30629
30632
30635
30646
30660
30660
30663
30674
30676
30677
30681
30699
30701
30713
30726
30743
30746
30770
30771
30777
30786
30787
30790
30793
30793
30802
30802
30806
30811
30812
30829
30838
30843
30844
30847
30850
30857
30860
30881
30881
30887
30890
30890
30890
30916
30918
30923
30926
30930
30934
30939
30941
30950
30954
30962
30976
30981
30989
30990
30992
30995
31001
31011
31013
31025
31064
31073
31089
31092
31092
31099
31113
31119
31124
31132
31135
31143
31159
31176
31191
31241
31242
31247
31251
31264
31280
31281
31293
31301
31307
31330
31341
31355
31355
31356
31367
31382
31383
31392
31393
31411
31415
31430
31438
31447
31449
31449
31450
31451
31467
31473
31479
31480
31485
31491
31500
31517
31542
31548
31550
31550
31554
31582
31600
31606
31609
31612
31615
31620
31627
31627
31639
31644
31647
31648
31651
31661
31672
31673
31673
31677
31678
31684
31688
31697
31697
31704
31709
31710
31717
31717
31728
31735
31737
31742
31752
31769
31802
31804
31805
31813
31835
31836
31874
31878
31885
31896
31900
31922
31934
31942
31943
31945
31945
31975
31986
31987
31988
32012
32012
32014
32017
32029
32036
32045
32051
32086
32093
32098
32102
32107
32110
32111
32121
32124
32127
32132
32139
32150
32152
32155
32161
32168
32173
32180
32180
32182
32186
32197
32207
32218
32223
32228
32244
32258
32262
32265
32272
32278
32298
32299
32311
32319
32341
32347
32354
32360
32360
32369
32374
32377
32380
32382
32383
32388
32399
32403
32403
32410
32420
32422
32426
32466
32467
32475
32496
32496
32496
32503
32503
32525
32535
32538
32539
32539
32544
32557
32559
32562
32575
32578
32583
32586
32610
32610
32619
32622
32625
32637
32642
32646
32652
32683
32685
32691
32701
32722
32727
32745
32749
32757
