4
139
150
176
181
449
586
620
631
892
946
1147
1149
1236
1278
1336
1563
1593
1598
1717
1820
2027
2117
2159
2211
2337
2356
2370
2459
2468
2546
2894
2967
3039
3100
3189
3307
3369
3403
3406
3503
3536
3574
3675
3713
3826
3851
4006
4064
4149
4169
4181
4214
4254
4265
4344
4399
4413
4460
4616
4637
4661
4733
4733
4818
4870
4895
5109
5276
5359
5445
5445
5527
5570
5644
5667
5681
5723
5728
5783
5812
5819
5856
5875
5939
5967
6015
6024
6300
6331
6398
6466
6546
6614
6636
6694
6787
6835
6844
6883
6987
7081
7111
7189
7213
7240
7300
7304
7363
7394
7506
7524
7553
7615
7642
7760
7850
7959
8052
8122
8147
8303
8314
8382
8406
8488
8519
8546
8661
8684
8806
8861
8899
8977
9024
9127
9134
9188
9286
9369
9425
9441
9527
9610
9614
9691
9714
9780
9814
9914
9944
9958
9979
10026
10247
10259
10273
10406
10418
10425
10433
10445
10559
10583
10679
10728
10734
10737
10856
10897
10899
11126
11132
11140
11160
11240
11261
11289
11296
11298
11393
11403
11605
11623
11762
11786
11827
11906
11930
11955
11960
12017
12182
12370
12371
12378
12427
12462
12471
12493
12516
12568
12724
12730
12846
13016
13054
13098
13140
13240
13338
13369
13397
13459
13497
13636
13638
13657
13691
13783
13879
13883
13916
13948
14062
14130
14226
14305
14305
14316
14318
14403
14451
14462
14493
14558
14614
14646
14693
14773
14838
14901
14902
14928
14960
15290
15355
15360
15388
15516
15628
15721
15811
15814
15916
16073
16233
16287
16308
16405
16489
16561
16579
16583
16602
16651
16686
16736
16799
16882
16931
16992
17007
17009
17043
17143
17162
17163
17179
17214
17233
17331
17337
17365
17393
17399
17453
17612
17618
17659
17791
17799
17977
18121
18220
18353
18421
18461
18468
18470
18683
18700
18732
18842
18847
18920
18956
18965
19018
19030
19044
19081
19194
19269
19698
19771
19792
19872
19924
19951
19965
20019
20058
20159
20166
20208
20233
20399
20444
20470
20485
20532
20663
20667
20916
20919
20980
21004
21058
21065
21084
21270
21290
21346
21351
21388
21398
21440
21450
21475
21535
21540
21581
21632
21672
21672
21694
21752
21795
21832
21928
21961
22025
22106
22195
22359
22364
22367
22374
22493
22815
22902
22931
23014
23036
23098
23189
23190
23211
23364
23413
23485
23515
23566
23948
24005
24020
24159
24217
24298
24410
24527
24608
24624
24795
24920
25095
25174
25182
25250
25292
25306
25328
25429
25461
25532
25744
25770
25809
25825
26013
26037
26075
26078
26082
26191
26311
26331
26361
26368
26401
26435
26585
26620
26633
26724
26893
26894
26959
26999
27004
27182
27210
27232
27332
27357
27362
27477
27622
27700
27789
27985
28075
28103
28147
28147
28150
28278
28319
28533
28728
28792
28835
28882
28914
28940
28974
29024
29110
29163
29168
29363
29455
29455
29592
29617
29644
29704
29764
29799
29801
29825
29927
30026
30089
30154
30304
30357
30368
30400
30438
30683
30734
30791
30857
30941
30942
31000
31063
31082
31196
31229
31256
31289
31296
31448
31503
31706
31723
31780
31817
31868
31892
32052
32144
32189
32345
32361
32498
32506
32523
32599
