2
6
19
20
21
25
45
49
51
61
63
68
75
82
90
114
115
124
129
159
163
166
172
187
200
207
226
241
244
244
251
270
279
283
296
306
333
340
345
345
349
360
372
372
372
374
376
379
380
388
397
413
415
418
420
421
438
439
443
444
448
451
462
466
467
470
472
480
490
498
506
509
510
518
519
534
542
548
550
570
593
598
611
625
631
649
652
653
658
659
664
669
669
671
678
679
683
685
701
703
723
727
728
732
741
742
744
746
755
770
775
779
809
814
827
831
841
857
864
869
874
888
890
903
930
933
952
954
956
961
963
968
969
969
980
981
999
1019
1026
1043
1043
1059
1065
1070
1074
1080
1086
1087
1089
1097
1106
1120
1126
1127
1130
1139
1142
1144
1159
1164
1177
1186
1191
1193
1204
1209
1209
1212
1223
1223
1225
1231
1234
1245
1246
1248
1248
1250
1253
1254
1255
1257
1266
1272
1276
1289
1290
1304
1315
1335
1355
1380
1380
1381
1383
1395
1399
1405
1420
1426
1430
1436
1439
1452
1457
1459
1460
1460
1469
1472
1472
1482
1489
1499
1551
1586
1589
1590
1594
1600
1603
1604
1613
1617
1621
1622
1623
1629
1646
1654
1679
1679
1689
1691
1692
1693
1703
1704
1717
1719
1720
1774
1779
1788
1807
1817
1825
1847
1860
1861
1863
1894
1897
1904
1906
1909
1924
1934
1934
1940
1944
1947
1957
1963
1973
1979
1998
1999
2014
2016
2016
2037
2040
2062
2070
2078
2088
2090
2101
2122
2131
2149
2153
2161
2162
2166
2172
2187
2204
2209
2211
2222
2223
2227
2228
2230
2232
2233
2235
2249
2250
2250
2259
2265
2271
2280
2284
2286
2311
2315
2326
2328
2334
2335
2342
2350
2353
2360
2372
2386
2392
2399
2402
2403
2411
2416
2431
2435
2437
2444
2453
2475
2478
2490
2502
2548
2550
2563
2564
2564
2567
2575
2582
2588
2592
2605
2622
2624
2629
2632
2667
2702
2708
2718
2718
2722
2742
2746
2768
2769
2778
2782
2784
2805
2818
2822
2829
2830
2834
2836
2839
2878
2889
2897
2933
2940
2950
2964
2979
2987
2988
3000
3008
3009
3010
3012
3014
3024
3043
3063
3078
3088
3105
3107
3109
3136
3140
3152
3152
3155
3157
3178
3179
3210
3216
3223
3229
3230
3232
3234
3241
3246
3279
3281
3291
3291
3304
3311
3320
3326
3332
3333
3344
3353
3356
3369
3382
3383
3384
3396
3397
3398
3403
3410
3411
3412
3440
3444
3457
3468
3478
3493
3498
3500
3501
3505
3517
3518
3519
3520
3520
3522
3532
3533
3569
3572
3575
3583
3591
3595
3620
3620
3624
3637
3638
3642
3650
3650
3656
3657
3671
3690
3694
3695
3698
3706
3717
3721
3722
3750
3753
3753
3756
3757
3764
3772
3784
3801
3802
3808
3817
3819
3822
3827
3829
3829
3830
3835
3862
3864
3866
3908
3919
3921
3923
3928
3939
3946
3952
3961
3969
3969
3991
4005
4010
4019
4031
4031
4034
4074
4077
4107
4125
4147
4176
4180
4184
4189
4194
4199
4201
4206
4225
4252
4254
4255
4258
4271
4275
4284
4298
4304
4311
4313
4313
4314
4318
4323
4333
4338
4351
4361
4365
4391
4395
4395
4396
4403
4411
4412
4424
4438
4442
4445
4448
4449
4450
4455
4458
4459
4461
4462
4494
4495
4504
4521
4532
4540
4542
4558
4558
4561
4575
4585
4589
4590
4591
4594
4621
4623
4626
4645
4649
4675
4679
4686
4698
4698
4705
4712
4718
4731
4762
4765
4767
4771
4771
4776
4788
4798
4802
4805
4817
4851
4854
4881
4882
4909
4922
4935
4944
4952
4961
4964
4966
4974
4976
4977
4977
4986
4990
5007
5009
5031
5044
5049
5090
5109
5113
5119
5125
5127
5129
5134
5144
5148
5158
5171
5181
5185
5187
5209
5212
5216
5221
5224
5235
5235
5236
5244
5247
5251
5252
5268
5273
5273
5279
5279
5287
5304
5307
5307
5315
5316
5324
5350
5354
5368
5373
5376
5405
5409
5413
5417
5426
5430
5435
5454
5462
5473
5479
5480
5482
5484
5485
5510
5512
5524
5528
5532
5537
5539
5554
5559
5579
5580
5591
5592
5595
5600
5606
5617
5627
5630
5630
5631
5636
5638
5655
5668
5671
5691
5707
5710
5712
5725
5728
5729
5731
5732
5750
5762
5766
5773
5778
5795
5804
5808
5815
5822
5831
5842
5862
5890
5892
5908
5908
5909
5923
5940
5953
5958
5968
5969
5976
5976
5984
6005
6007
6024
6028
6047
6051
6053
6069
6069
6070
6073
6076
6079
6082
6082
6115
6140
6165
6177
6179
6195
6195
6221
6257
6262
6266
6272
6273
6280
6286
6308
6311
6323
6325
6360
6367
6371
6375
6381
6387
6416
6425
6431
6472
6472
6481
6485
6497
6508
6509
6510
6526
6526
6534
6541
6559
6577
6589
6596
6600
6606
6609
6611
6648
6649
6654
6666
6669
6682
6683
6683
6689
6708
6719
6725
6735
6739
6746
6755
6756
6771
6776
6791
6801
6816
6819
6835
6851
6853
6867
6872
6881
6887
6892
6903
6909
6939
6944
6945
6945
6946
6952
6963
6964
6967
6969
6969
6971
6979
7015
7025
7042
7060
7063
7073
7078
7082
7087
7109
7116
7119
7130
7132
7134
7148
7150
7156
7163
7167
7167
7168
7172
7173
7176
7184
7193
7233
7235
7242
7249
7271
7290
7305
7311
7322
7327
7330
7334
7343
7370
7376
7381
7395
7400
7409
7410
7417
7429
7430
7431
7433
7455
7470
7471
7473
7473
7480
7483
7489
7496
7519
7526
7539
7549
7591
7594
7615
7618
7633
7646
7655
7658
7664
7675
7696
7698
7708
7734
7734
7736
7744
7746
7751
7783
7785
7787
7801
7803
7804
7819
7830
7831
7834
7835
7835
7842
7862
7865
7865
7866
7867
7878
7898
7904
7912
7916
7921
7930
7942
7967
7987
8019
8019
8030
8033
8060
8065
8068
8069
8081
8091
8094
8106
8111
8133
8134
8138
8158
8160
8162
8206
8211
8227
8233
8234
8240
8246
8254
8258
8274
8307
8309
8317
8334
8347
8348
8357
8372
8373
8377
8378
8385
8396
8412
8433
8434
8438
8443
8443
8460
8462
8477
8480
8494
8496
8500
8514
8519
8528
8531
8540
8558
8563
8564
8570
8573
8597
8609
8609
8613
8613
8634
8635
8642
8655
8661
8661
8662
8662
8664
8671
8671
8683
8692
8700
8702
8703
8703
8747
8751
8753
8759
8810
8811
8813
8817
8829
8837
8876
8885
8886
8901
8919
8940
8940
8942
8944
8946
8947
8955
8957
8998
9003
9004
9015
9018
9021
9025
9030
9032
9033
9050
9051
9054
9059
9059
9060
9064
9065
9076
9087
9093
9100
9102
9103
9110
9139
9145
9159
9169
9170
9171
9172
9173
9196
9207
9210
9220
9227
9229
9235
9237
9264
9268
9281
9284
9285
9285
9286
9292
9311
9316
9316
9321
9322
9336
9337
9341
9347
9354
9357
9360
9361
9381
9383
9395
9401
9429
9431
9447
9447
9453
9460
9460
9462
9466
9477
9487
9491
9493
9493
9495
9496
9508
9513
9516
9520
9524
9539
9546
9560
9563
9567
9588
9608
9609
9613
9615
9615
9620
9634
9644
9647
9651
9656
9660
9676
9677
9681
9686
9702
9730
9731
9740
9750
9751
9751
9761
9783
9795
9796
9801
9828
9835
9854
9866
9901
9904
9921
9924
9927
9935
9940
9950
9968
9981
9998
10027
10037
10040
10046
10060
10064
10073
10074
10075
10088
10102
10103
10109
10127
10130
10135
10141
10156
10161
10162
10188
10205
10210
10213
10219
10220
10223
10228
10230
10234
10236
10245
10250
10251
10254
10259
10271
10281
10288
10293
10299
10300
10322
10355
10356
10363
10366
10381
10383
10383
10385
10389
10391
10394
10397
10399
10404
10405
10406
10440
10446
10449
10452
10462
10473
10474
10480
10496
10509
10513
10514
10517
10526
10544
10552
10556
10584
10595
10596
10601
10615
10620
10622
10630
10636
10641
10643
10646
10654
10664
10675
10679
10685
10702
10704
10707
10710
10716
10717
10741
10742
10743
10759
10775
10786
10793
10796
10810
10816
10829
10841
10850
10856
10858
10890
10898
10900
10906
10908
10933
10937
10964
10969
10971
10983
10985
10993
10998
11008
11019
11038
11039
11048
11055
11073
11073
11086
11093
11102
11107
11109
11123
11125
11130
11133
11134
11155
11164
11197
11201
11263
11282
11291
11304
11311
11335
11338
11342
11347
11355
11363
11367
11392
11411
11413
11426
11442
11453
11460
11465
11465
11468
11469
11469
11497
11503
11505
11508
11511
11512
11514
11534
11536
11537
11540
11548
11554
11557
11561
11583
11596
11596
11615
11624
11629
11636
11643
11645
11664
11692
11698
11701
11703
11711
11717
11721
11734
11776
11778
11787
11813
11817
11841
11859
11861
11877
11878
11903
11904
11909
11914
11921
11921
11944
11963
11966
11968
11971
11978
11978
11990
11992
11998
12001
12019
12021
12022
12024
12030
12033
12060
12066
12075
12078
12080
12097
12103
12110
12113
12122
12125
12149
12164
12166
12168
12176
12185
12186
12191
12202
12232
12238
12245
12248
12257
12258
12260
12282
12289
12373
12384
12385
12387
12390
12394
12399
12401
12405
12453
12458
12467
12476
12485
12505
12508
12510
12511
12526
12551
12559
12560
12572
12573
12581
12583
12586
12589
12591
12603
12607
12608
12614
12627
12637
12642
12647
12650
12652
12652
12653
12653
12657
12678
12681
12690
12697
12699
12702
12710
12711
12712
12718
12729
12744
12751
12755
12763
12767
12778
12782
12784
12799
12799
12812
12849
12865
12877
12884
12904
12905
12915
12922
12931
12937
12942
12943
12944
12992
13004
13012
13014
13031
13032
13033
13035
13037
13054
13062
13069
13074
13076
13098
13102
13103
13110
13115
13119
13133
13137
13143
13149
13156
13158
13171
13187
13196
13196
13196
13204
13209
13219
13226
13227
13228
13232
13237
13241
13242
13242
13243
13244
13254
13254
13270
13285
13294
13295
13303
13312
13325
13328
13343
13345
13348
13356
13364
13368
13375
13382
13382
13403
13416
13420
13423
13435
13439
13441
13442
13446
13451
13456
13459
13474
13482
13489
13489
13493
13505
13536
13547
13587
13595
13604
13636
13652
13652
13667
13690
13696
13702
13723
13729
13758
13765
13770
13771
13791
13798
13813
13816
13823
13850
13851
13852
13853
13857
13870
13874
13883
13914
13927
13936
13936
13943
13949
13951
13966
13967
13985
13986
13991
14002
14004
14006
14013
14017
14018
14021
14029
14033
14043
14043
14059
14071
14072
14081
14083
14098
14101
14108
14110
14111
14112
14118
14127
14129
14130
14144
14148
14168
14178
14195
14202
14204
14237
14248
14253
14258
14279
14283
14284
14289
14291
14291
14302
14323
14323
14326
14327
14330
14333
14334
14340
14360
14366
14367
14379
14381
14383
14391
14392
14402
14409
14409
14424
14440
14464
14466
14474
14476
14482
14486
14489
14510
14516
14522
14523
14525
14537
14539
14541
14551
14562
14565
14565
14581
14591
14611
14633
14637
14646
14655
14656
14658
14659
14667
14681
14696
14704
14705
14711
14714
14740
14746
14758
14762
14769
14776
14797
14797
14843
14851
14856
14858
14868
14870
14874
14879
14885
14890
14913
14918
14919
14927
14928
14944
14960
14979
14990
15003
15010
15020
15022
15026
15029
15029
15032
15037
15039
15047
15049
15074
15076
15076
15088
15092
15105
15108
15109
15123
15141
15158
15165
15168
15175
15184
15189
15195
15201
15225
15225
15239
15259
15270
15272
15288
15301
15306
15308
15308
15314
15316
15326
15333
15346
15360
15377
15379
15388
15402
15402
15430
15430
15436
15436
15442
15445
15446
15460
15464
15468
15474
15482
15490
15506
15507
15531
15534
15541
15546
15554
15580
15584
15591
15616
15620
15622
15626
15644
15656
15664
15668
15685
15688
15692
15698
15699
15711
15717
15721
15730
15764
15769
15777
15778
15796
15809
15810
15815
15826
15826
15829
15830
15843
15889
15889
15892
15903
15918
15923
15928
15930
15930
15934
15937
15937
15940
15947
15952
15956
15962
15965
15967
15977
15995
15998
16000
16012
16022
16025
16034
16053
16067
16069
16070
16086
16098
16112
16117
16120
16123
16132
16141
16153
16158
16170
16173
16174
16174
16185
16211
16218
16226
16227
16233
16235
16240
16256
16261
16268
16277
16283
16303
16306
16316
16327
16356
16369
16370
16371
16392
16397
16424
16429
16431
16451
16459
16470
16496
16498
16499
16507
16534
16550
16563
16563
16565
16566
16568
16583
16590
16596
16617
16624
16629
16630
16631
16639
16666
16686
16694
16701
16702
16703
16704
16705
16715
16716
16718
16720
16722
16741
16762
16763
16786
16795
16799
16822
16840
16864
16880
16890
16899
16900
16900
16901
16939
16943
16947
16951
16957
16976
16984
16985
16990
16992
17000
17017
17032
17052
17054
17056
17057
17064
17066
17067
17075
17075
17076
17081
17082
17088
17091
17104
17115
17119
17136
17139
17161
17162
17163
17170
17171
17181
17195
17202
17206
17240
17245
17246
17275
17279
17300
17302
17313
17316
17317
17325
17346
17347
17361
17374
17378
17382
17388
17390
17399
17399
17400
17407
17408
17413
17426
17433
17434
17435
17438
17447
17456
17461
17461
17472
17473
17474
17478
17497
17502
17523
17535
17541
17545
17556
17565
17570
17574
17581
17581
17585
17589
17589
17599
17620
17627
17639
17651
17669
17676
17680
17685
17690
17692
17701
17716
17724
17730
17730
17732
17733
17733
17735
17744
17750
17753
17760
17781
17785
17786
17789
17793
17810
17815
17823
17834
17849
17858
17866
17868
17877
17893
17909
17915
17925
17926
17933
17940
17948
17963
17967
17968
17974
17989
18001
18001
18023
18065
18082
18085
18089
18091
18094
18103
18106
18111
18113
18117
18147
18147
18153
18155
18161
18165
18174
18192
18193
18205
18208
18216
18234
18242
18246
18257
18259
18270
18278
18283
18297
18298
18299
18304
18321
18321
18327
18332
18336
18345
18351
18354
18388
18390
18413
18415
18417
18417
18437
18456
18480
18480
18487
18487
18488
18507
18513
18524
18529
18534
18541
18548
18555
18572
18590
18593
18593
18604
18605
18606
18620
18649
18657
18686
18688
18690
18695
18704
18718
18718
18736
18739
18759
18762
18767
18769
18776
18793
18793
18797
18813
18821
18823
18827
18850
18851
18854
18858
18858
18862
18864
18871
18874
18876
18891
18894
18900
18901
18901
18912
18922
18924
18929
18938
18943
18944
18961
18962
18974
18975
18981
18994
18996
19002
19028
19028
19040
19042
19066
19068
19069
19090
19092
19101
19102
19105
19109
19111
19150
19171
19179
19198
19208
19219
19221
19222
19222
19237
19254
19257
19257
19259
19259
19263
19292
19294
19299
19300
19333
19349
19349
19353
19354
19356
19391
19413
19413
19421
19423
19435
19442
19448
19449
19449
19476
19476
19478
19492
19501
19506
19521
19527
19532
19532
19537
19537
19551
19558
19559
19562
19565
19570
19617
19632
19637
19642
19642
19656
19665
19674
19677
19683
19684
19685
19701
19702
19703
19704
19706
19707
19710
19718
19718
19722
19724
19729
19730
19742
19763
19770
19772
19785
19787
19794
19824
19824
19826
19831
19845
19852
19880
19884
19894
19905
19921
19923
19926
19927
19942
19972
19983
19988
19992
19998
20005
20005
20020
20032
20048
20068
20075
20079
20081
20085
20086
20089
20091
20105
20114
20116
20118
20126
20136
20139
20142
20148
20166
20183
20191
20198
20200
20203
20209
20214
20217
20220
20232
20239
20250
20259
20263
20268
20274
20282
20291
20304
20315
20325
20340
20358
20365
20382
20394
20404
20421
20432
20444
20448
20456
20458
20472
20477
20495
20500
20500
20504
20512
20523
20528
20543
20552
20558
20573
20598
20605
20618
20622
20636
20666
20673
20674
20678
20680
20683
20689
20711
20713
20725
20731
20745
20749
20756
20758
20767
20771
20773
20781
20786
20790
20791
20802
20814
20816
20818
20826
20834
20837
20841
20842
20850
20851
20857
20858
20868
20881
20892
20903
20912
20914
20916
20922
20926
20952
20964
20964
20965
20972
20973
20976
20976
20982
20990
20993
21001
21011
21016
21024
21027
21033
21047
21048
21055
21072
21074
21079
21097
21102
21113
21116
21130
21134
21139
21144
21152
21163
21163
21165
21177
21183
21195
21206
21210
21219
21219
21229
21231
21233
21240
21254
21284
21291
21313
21317
21326
21329
21336
21357
21360
21369
21378
21384
21385
21390
21407
21420
21425
21436
21440
21441
21447
21479
21493
21495
21514
21515
21525
21538
21564
21572
21580
21583
21591
21596
21601
21605
21618
21619
21624
21627
21632
21636
21654
21658
21670
21673
21675
21680
21681
21683
21687
21689
21689
21709
21712
21728
21747
21747
21749
21767
21773
21783
21794
21795
21796
21817
21824
21826
21834
21838
21868
21871
21923
21925
21946
21955
21956
21967
21976
22008
22013
22022
22036
22057
22059
22063
22064
22074
22082
22103
22105
22112
22116
22120
22123
22127
22144
22145
22156
22174
22199
22204
22205
22215
22221
22224
22236
22257
22259
22265
22274
22276
22277
22278
22279
22284
22285
22295
22298
22300
22314
22339
22343
22355
22374
22385
22389
22395
22396
22397
22416
22421
22431
22432
22437
22437
22438
22442
22452
22469
22479
22479
22481
22481
22484
22503
22503
22515
22527
22536
22557
22570
22581
22581
22582
22597
22605
22605
22606
22618
22623
22641
22646
22660
22660
22665
22666
22673
22686
22687
22687
22689
22700
22702
22702
22717
22720
22769
22780
22805
22815
22819
22819
22825
22834
22857
22858
22863
22865
22872
22877
22889
22891
22892
22906
22942
22943
22977
22980
22988
22995
22998
23001
23010
23014
23033
23034
23044
23048
23061
23072
23077
23080
23082
23086
23092
23097
23103
23119
23120
23126
23137
23138
23140
23164
23173
23174
23188
23192
23194
23195
23204
23213
23214
23218
23218
23219
23224
23225
23229
23239
23246
23250
23261
23265
23270
23270
23284
23297
23303
23304
23310
23312
23320
23329
23331
23333
23352
23386
23387
23390
23398
23401
23404
23407
23411
23421
23423
23424
23451
23456
23463
23476
23481
23484
23487
23495
23502
23511
23521
23521
23530
23541
23563
23576
23580
23596
23605
23625
23629
23635
23635
23646
23647
23656
23665
23700
23703
23707
23725
23729
23730
23732
23746
23752
23754
23767
23769
23773
23791
23796
23800
23812
23831
23831
23838
23853
23857
23864
23875
23890
23890
23893
23904
23910
23922
23932
23933
23953
23955
23957
23960
23961
23966
23977
23977
23983
23987
23994
24004
24006
24007
24011
24015
24032
24044
24047
24049
24050
24071
24074
24078
24082
24093
24093
24101
24119
24120
24126
24139
24141
24149
24164
24178
24184
24188
24193
24195
24214
24226
24229
24237
24250
24261
24281
24293
24293
24306
24307
24312
24317
24320
24337
24348
24348
24352
24353
24358
24363
24364
24379
24383
24387
24398
24404
24414
24418
24419
24425
24431
24439
24446
24454
24469
24479
24488
24511
24511
24517
24523
24534
24538
24538
24539
24554
24573
24575
24603
24618
24640
24647
24657
24657
24660
24676
24677
24712
24754
24757
24765
24765
24769
24772
24777
24778
24801
24808
24810
24815
24827
24834
24847
24855
24856
24857
24859
24884
24885
24889
24894
24898
24904
24907
24908
24913
24922
24924
24928
24933
24943
24959
24960
24963
24979
24985
24992
24998
25021
25029
25030
25037
25043
25068
25075
25081
25086
25092
25095
25100
25108
25122
25125
25131
25139
25146
25149
25152
25153
25155
25158
25166
25170
25177
25189
25199
25202
25204
25204
25209
25210
25232
25233
25235
25238
25245
25245
25259
25271
25273
25273
25275
25275
25287
25290
25291
25291
25295
25306
25310
25323
25324
25333
25339
25342
25346
25347
25353
25360
25366
25369
25370
25374
25377
25394
25400
25401
25401
25402
25405
25422
25436
25441
25459
25461
25464
25502
25506
25513
25514
25516
25519
25522
25528
25529
25539
25549
25555
25569
25575
25597
25603
25605
25618
25618
25626
25637
25640
25651
25652
25681
25690
25717
25719
25725
25728
25742
25777
25779
25794
25794
25834
25836
25843
25860
25881
25882
25887
25893
25901
25902
25904
25923
25927
25939
25944
25955
25962
25975
25997
25998
26004
26005
26019
26040
26047
26048
26049
26053
26081
26091
26093
26096
26110
26121
26126
26130
26134
26148
26152
26154
26158
26170
26171
26198
26200
26203
26217
26218
26222
26240
26284
26287
26297
26304
26310
26315
26325
26334
26341
26361
26361
26362
26363
26364
26373
26374
26389
26392
26399
26400
26404
26408
26412
26425
26431
26451
26466
26477
26488
26498
26501
26520
26521
26533
26537
26540
26542
26546
26577
26583
26599
26606
26617
26626
26628
26633
26643
26645
26668
26676
26681
26684
26693
26701
26718
26719
26720
26726
26744
26749
26757
26763
26779
26787
26791
26800
26809
26816
26822
26847
26852
26864
26892
26896
26904
26904
26905
26921
26928
26936
26947
26952
26955
26972
26976
26978
26979
26980
26984
26993
27009
27042
27043
27091
27091
27102
27142
27145
27148
27160
27168
27174
27177
27195
27240
27297
27299
27300
27302
27331
27356
27360
27376
27383
27383
27386
27391
27392
27410
27416
27424
27434
27436
27442
27453
27457
27463
27476
27482
27495
27508
27522
27531
27544
27548
27558
27570
27570
27576
27583
27585
27591
27594
27594
27598
27600
27603
27611
27636
27636
27645
27661
27662
27663
27665
27668
27680
27684
27698
27702
27713
27742
27757
27758
27763
27770
27780
27782
27787
27792
27792
27795
27797
27803
27804
27835
27849
27850
27853
27860
27862
27879
27886
27888
27890
27899
27905
27908
27916
27923
27929
27933
27937
27949
27966
27970
27970
27978
27985
27988
28020
28027
28034
28051
28056
28057
28080
28080
28096
28098
28103
28106
28111
28125
28143
28145
28154
28155
28168
28168
28182
28196
28199
28234
28239
28241
28247
28251
28259
28283
28285
28293
28296
28306
28312
28319
28321
28330
28332
28333
28339
28356
28370
28374
28375
28376
28395
28412
28419
28431
28455
28468
28483
28483
28488
28488
28489
28498
28502
28502
28507
28514
28516
28536
28538
28542
28557
28559
28573
28579
28581
28593
28598
28604
28607
28612
28617
28618
28619
28623
28632
28642
28659
28661
28669
28670
28671
28680
28682
28684
28691
28691
28693
28699
28706
28710
28723
28732
28739
28741
28744
28747
28750
28758
28760
28763
28769
28770
28788
28797
28807
28814
28817
28824
28831
28832
28841
28850
28852
28862
28863
28885
28890
28892
28895
28897
28913
28935
28940
28954
28957
28961
28966
28975
28982
28983
28985
28994
28995
29004
29007
29010
29021
29025
29032
29044
29047
29047
29056
29061
29080
29080
29106
29106
29121
29124
29127
29128
29131
29132
29140
29149
29149
29157
29167
29190
29194
29203
29203
29210
29214
29215
29216
29225
29226
29237
29239
29241
29249
29249
29250
29262
29266
29268
29276
29281
29284
29289
29295
29330
29336
29341
29381
29384
29385
29388
29402
29409
29412
29412
29416
29431
29435
29440
29443
29446
29449
29449
29452
29461
29467
29472
29473
29475
29482
29482
29512
29521
29525
29529
29546
29557
29572
29574
29579
29584
29603
29621
29627
29629
29647
29650
29652
29655
29679
29682
29684
29689
29693
29696
29702
29719
29725
29740
29755
29762
29768
29791
29795
29797
29798
29804
29813
29817
29823
29844
29851
29853
29854
29863
29867
29881
29886
29909
29911
29944
29949
29950
29972
29980
29992
30007
30013
30015
30022
30024
30030
30047
30052
30063
30066
30075
30088
30089
30093
30109
30110
30114
30126
30144
30145
30146
30147
30150
30159
30162
30166
30167
30169
30175
30183
30196
30200
30207
30211
30211
30231
30244
30259
30261
30277
30284
30287
30306
30306
30307
30333
30340
30346
30351
30357
30367
30371
30376
30380
30380
30381
30388
30389
30392
30393
30395
30397
30408
30409
30411
30413
30419
30422
30424
30434
30434
30438
30441
30458
30468
30470
30476
30491
30503
30503
30507
30511
30515
30518
30523
30534
30544
30551
30562
30563
30572
30576
30583
30585
30598
30600
30614
30615
30627
30641
30651
30651
30652
30659
30662
30670
30677
30680
30687
30689
30694
30699
30707
30722
30725
30735
30737
30740
30744
30752
30755
30759
30760
30765
30769
30783
30784
30809
30827
30838
30840
30842
30857
30865
30881
30891
30895
30898
30905
30924
30931
30933
30933
30938
30951
30953
30958
30966
30968
30986
30999
31013
31023
31032
31042
31051
31058
31060
31061
31067
31073
31075
31078
31079
31082
31095
31101
31110
31111
31114
31119
31129
31136
31141
31142
31157
31163
31168
31173
31178
31197
31210
31211
31221
31236
31244
31246
31257
31262
31271
31271
31272
31273
31274
31286
31289
31290
31295
31309
31312
31321
31327
31344
31353
31354
31358
31368
31371
31381
31384
31397
31399
31401
31403
31406
31407
31408
31409
31415
31437
31443
31445
31451
31452
31456
31488
31499
31507
31508
31517
31522
31528
31528
31533
31538
31544
31557
31562
31567
31569
31574
31577
31588
31593
31597
31606
31612
31616
31617
31635
31640
31651
31660
31660
31672
31694
31707
31711
31731
31734
31757
31760
31761
31763
31770
31773
31783
31791
31818
31824
31824
31828
31844
31844
31857
31880
31892
31896
31904
31907
31910
31912
31912
31931
31931
31931
31937
31947
31948
31960
31971
31973
31980
31980
31983
31986
31989
31991
32003
32007
32007
32016
32017
32020
32024
32039
32041
32049
32059
32075
32076
32082
32111
32121
32137
32167
32185
32187
32187
32189
32189
32195
32199
32199
32227
32229
32239
32240
32240
32243
32244
32270
32279
32283
32304
32325
32333
32337
32360
32363
32370
32375
32387
32391
32394
32421
32430
32432
32437
32438
32443
32455
32456
32464
32466
32468
32475
32484
32489
32502
32507
32510
32513
32521
32529
32557
32557
32558
32569
32577
32602
32611
32614
32630
32643
32657
32660
32662
32669
32676
32689
32701
32701
32709
32735
32742
32761
