66
99
131
186
220
301
335
345
389
508
659
720
761
797
814
867
1075
1094
1198
1221
1237
1289
1311
1517
1528
1578
1804
1871
1985
1994
2117
2193
2282
2306
2440
2479
2488
2498
2534
2545
2581
2626
2765
2774
2788
2893
3122
3142
3144
3249
3376
3387
3409
3420
3536
3601
3652
3681
3740
3852
4066
4131
4191
4229
4233
4249
4299
4340
4379
4460
4590
4626
4628
4636
4675
4713
4719
4767
4802
5002
5070
5185
5322
5500
5506
5682
5696
5719
5744
5825
5848
5892
6123
6139
6147
6157
6163
6240
6263
6336
6353
6401
6650
6765
6861
6881
7015
7071
7071
7210
7313
7341
7383
7404
7473
7490
7501
7580
7587
7621
7715
7716
7761
7771
7777
7812
7861
7947
7989
8043
8058
8089
8159
8160
8211
8218
8272
8319
8345
8455
8482
8494
8676
8803
8993
8995
9073
9197
9208
9283
9295
9354
9422
9462
9500
9516
9585
9788
9812
9884
9923
9971
9998
10081
10169
10355
10357
10551
10628
10683
10736
10783
10805
10965
11015
11087
11104
11333
11355
11426
11471
11477
11523
11640
11710
11711
11781
11789
11919
11944
11992
12141
12166
12261
12357
12379
12386
12428
12532
12834
12860
12948
13017
13095
13107
13115
13160
13299
13656
13665
13835
13983
14126
14164
14190
14416
14547
14621
14640
14733
14770
14857
14916
15015
15061
15067
15077
15108
15272
15287
15312
15338
15347
15389
15433
15942
16027
16028
16036
16055
16138
16153
16234
16245
16322
16360
16370
16425
16441
16502
16520
16539
16676
16783
16789
16823
16832
16921
16931
16999
17032
17058
17063
17066
17088
17237
17285
17343
17493
17495
17631
17675
17762
17798
17809
17854
17870
17889
17912
17963
18029
18034
18106
18208
18319
18350
18374
18409
18417
18490
18511
18574
18590
18694
18799
18853
18897
19006
19075
19343
19398
19669
19669
19684
19842
19844
19857
19912
19997
20007
20085
20142
20454
20485
20514
20587
20637
20641
20872
20908
20997
21026
21071
21137
21138
21276
21290
21331
21356
21406
21448
21468
21469
21646
21716
21740
21841
21859
21865
21985
21998
22009
22134
22253
22261
22322
22352
22477
22529
22685
22704
22756
22770
22818
22945
23036
23115
23142
23172
23286
23323
23397
23406
23418
23422
23452
23468
23556
23582
23602
23696
23751
23786
23813
23868
23934
24067
24260
24306
24480
24529
24689
24730
24748
24913
24940
24987
25019
25070
25134
25176
25214
25316
25320
25403
25412
25413
25456
25708
25721
25850
25902
25924
25933
25991
26090
26155
26240
26259
26302
26379
26547
26549
26598
26653
26709
26805
26866
26884
26978
27006
27071
27302
27456
27459
27490
27548
27559
27596
27604
27647
27658
27731
27787
27898
27929
28005
28025
28141
28304
28342
28406
28489
28497
28502
28541
28542
28620
28642
28705
28788
28818
28856
28909
29022
29036
29053
29199
29210
29216
29229
29310
29328
29673
29675
29810
29868
29957
30022
30059
30182
30297
30317
30319
30418
30589
30676
30771
30802
30806
30890
30923
30954
30981
31001
31013
31143
31176
31281
31355
31411
31438
31491
31677
31678
31717
31836
31934
31943
31945
32014
32180
32182
32299
32466
32496
32557
32622
32625
32652
32683
32691
