 22038  7346  14933  19822  14669 
 929  3701  4383  9230  10904  11297  15366  22092  24331  28355  28530  29634  30257  30888  32614 
 19684  31598  11403  22828  10488  22092  28530  4383  30257  30888 
 929  1960  2700  3701  4980  7346  8170  9230  9400  9497  10904  11297  13274  14669  14933  15366  19544  19822  21064  21297  22038  24147  24331  26395  26977  28355  29634  30444  31579  32614 
 14502  13225  20300  19584  25265  21297  30444  21064  31579  24147  11297  32614  929  10904  15366 
 1960  2700  3701  4383  4658  4980  7346  8170  9056  9230  9400  9497  10488  10667  11403  11797  12935  13274  14451  14669  14933  19544  19684  19822  22038  22092  22814  22828  24256  24331  25134  25556  26395  26977  28007  28355  28481  28530  29634  29688  30257  30357  30378  30888  31598 
 1897  24782  23021  9393  29350  14451  30357  9056  4658  29688  19684  31598  11403  22828  10488  22092  28530  4383  30257  30888 
 177  929  1960  2700  2706  3060  3701  4980  7346  7503  7869  8170  9230  9400  9497  10667  10904  11297  11797  11940  12416  12935  13225  13274  13416  14502  14669  14933  15366  15959  16776  19054  19544  19584  19822  20300  21064  21297  21636  22038  22814  22931  24147  24256  24331  25134  25265  25556  26395  26977  28007  28355  28481  29634  30378  30444  31082  31579  32204  32614 
 14425  4889  27628  7092  5373  15959  3060  21636  7503  22931  22814  25134  12935  25556  28481  19544  26395  26977  4980  8170  28355  29634  9230  24331  3701 
 177  307  316  453  929  1897  1960  2700  2706  4383  4658  6780  7346  7528  7869  9056  9393  9400  9497  9793  10010  10488  10667  10904  11297  11403  11797  11940  12416  13225  13274  13416  14451  14502  14508  14669  14933  15366  16776  16803  19054  19584  19684  19822  20131  20300  21064  21110  21297  22038  22092  22828  23021  23052  24147  24256  24782  25265  26179  28007  28530  29350  29688  30200  30257  30357  30378  30444  30888  31082  31579  31598  32204  32418  32614 
