TIME:82425.4
WEIGHT:1346
0 64
0 76
1 6
1 233
1 52
2 368
2 7
2 224
2 27
3 31
3 59
4 65
4 66
4 87
4 187
5 53
6 227
6 33
6 17
6 13
6 246
7 77
7 46
7 345
7 123
8 426
8 134
9 41
9 17
9 103
9 51
10 90
10 487
10 67
10 77
11 59
12 364
12 255
13 23
13 25
13 375
14 188
14 145
14 252
14 335
15 24
15 39
15 62
15 396
16 26
16 470
16 481
17 46
17 48
18 33
19 236
19 226
19 63
19 20
19 57
19 374
20 331
20 265
21 229
22 24
22 26
22 59
23 80
23 54
23 97
24 205
25 47
25 61
25 94
25 105
25 314
26 81
26 91
27 156
28 180
28 34
29 423
29 42
29 340
29 247
29 384
29 235
30 69
30 245
31 44
31 56
32 344
32 62
32 38
33 436
33 442
34 36
34 50
35 120
35 59
35 53
36 59
36 309
36 42
36 69
36 96
36 348
37 176
37 57
38 297
40 136
40 106
41 263
43 127
43 419
43 361
43 47
44 249
45 399
46 308
46 98
47 393
47 202
48 122
49 507
49 63
49 59
49 232
50 462
51 59
52 102
53 223
53 152
54 493
55 472
58 84
59 85
59 136
60 302
61 75
61 201
61 262
62 179
63 311
63 494
64 130
64 306
66 208
66 166
66 120
68 244
69 126
69 82
69 196
70 372
70 504
70 194
70 428
70 378
71 472
72 85
73 278
73 277
74 127
75 315
75 347
75 256
76 398
76 78
76 276
78 88
79 115
80 437
80 194
82 119
83 317
83 349
83 193
83 355
84 383
84 206
84 457
84 392
86 113
86 374
87 218
88 188
89 108
89 223
91 125
91 456
92 398
92 261
92 380
92 257
93 337
93 369
94 271
94 173
94 386
95 500
95 103
96 203
96 207
97 327
97 110
99 455
99 103
99 467
99 144
100 107
100 108
100 498
101 117
102 390
102 489
103 292
104 424
106 228
106 503
106 118
107 302
108 285
109 117
109 126
109 274
109 294
109 244
109 163
111 283
111 154
111 112
112 240
112 129
114 117
114 275
115 372
116 351
116 142
116 124
116 307
116 399
116 357
116 260
117 199
117 298
117 135
118 371
118 237
119 316
120 183
121 170
121 382
123 286
123 381
123 229
123 221
126 143
126 284
127 318
128 364
131 165
132 330
133 258
133 319
137 426
138 182
138 473
138 352
138 313
138 189
139 394
140 493
140 279
141 302
141 291
142 359
144 214
146 410
146 282
147 505
148 202
149 354
150 301
150 310
150 504
151 394
153 312
153 210
153 192
154 289
155 420
157 178
157 483
157 163
158 169
158 357
159 351
159 381
160 370
160 174
161 238
162 500
162 463
162 323
164 330
165 250
166 175
166 336
167 220
167 484
167 325
168 250
168 198
168 434
168 210
169 459
170 339
170 397
171 215
171 180
172 260
173 268
175 471
177 358
181 432
182 377
182 469
182 490
183 482
184 400
185 365
186 420
186 261
186 211
186 477
188 194
190 306
191 412
193 478
194 287
194 234
195 207
197 362
197 438
199 421
200 352
200 472
204 394
204 303
208 326
209 510
209 410
212 417
213 271
216 217
217 497
217 417
219 222
219 231
220 448
224 370
224 441
224 475
225 240
226 472
227 488
227 506
229 465
229 242
230 313
231 327
232 401
232 267
232 385
234 440
234 253
235 501
235 343
235 295
238 446
239 304
241 365
243 491
245 334
246 290
246 324
248 272
248 332
250 391
251 296
251 435
252 499
254 364
259 364
259 295
262 281
264 456
264 388
265 424
266 320
268 416
268 280
269 381
270 354
271 404
271 509
273 319
273 307
273 443
273 457
278 323
278 341
286 486
286 296
288 298
289 326
289 299
289 448
289 439
293 431
295 480
297 496
300 444
303 342
304 342
305 380
307 346
312 383
313 328
314 418
315 433
315 427
315 373
316 410
318 409
319 407
319 431
319 502
320 464
320 432
320 366
320 450
320 393
321 370
322 391
323 453
324 445
328 452
329 463
330 437
332 387
333 376
338 447
338 491
338 488
339 417
346 389
349 428
350 505
350 395
350 376
352 412
353 423
354 414
354 468
356 376
358 474
358 460
360 361
363 389
365 368
367 373
369 472
372 449
379 452
380 497
381 406
383 413
387 503
388 405
392 446
394 438
395 401
395 426
398 495
400 429
402 407
402 438
403 478
408 451
408 444
411 449
414 479
414 435
415 476
422 432
423 461
425 489
429 464
430 469
438 508
443 474
444 467
451 454
458 491
466 480
467 476
485 493
492 505
494 511
