TIME:6315.5
WEIGHT:400
0 7
0 64
0 76
1 6
1 52
1 83
2 7
2 60
2 27
3 31
3 9
4 66
5 53
6 8
6 13
6 17
7 77
7 46
7 87
7 123
9 51
9 41
9 103
9 17
10 71
10 67
10 77
10 90
11 59
12 98
13 25
13 23
14 21
14 57
15 39
15 62
15 24
16 73
16 66
16 26
17 48
17 46
18 33
18 96
19 63
19 57
20 61
22 26
22 55
22 59
22 24
22 65
23 54
23 97
23 80
25 94
25 61
25 105
25 47
26 68
26 81
26 91
28 62
29 42
29 45
30 34
31 56
31 44
32 62
33 121
34 36
34 50
34 79
35 59
35 53
35 38
36 96
36 42
36 69
36 59
36 40
37 57
40 106
41 70
43 47
44 110
48 122
48 102
49 59
49 63
51 59
58 80
58 84
59 124
59 85
60 92
61 75
66 120
66 98
69 82
69 126
72 85
74 107
74 127
76 78
78 88
82 119
86 113
89 108
89 125
91 125
93 117
94 104
95 96
96 111
98 115
99 103
100 107
100 113
100 108
101 117
106 116
106 118
106 109
111 112
114 117
117 125
