1303
0 28
1 24
1 119
2 4
2 3
3 53
4 6
4 127
4 84
5 408
5 468
5 18
6 96
6 368
6 51
7 91
7 41
7 237
7 123
8 405
8 219
8 88
9 23
9 178
10 20
10 176
10 205
11 325
11 238
11 17
12 25
12 75
12 40
13 158
14 56
14 258
14 23
14 392
14 156
14 30
15 28
16 369
16 33
16 335
16 53
17 201
17 21
17 173
18 204
19 35
19 454
19 304
19 24
19 122
20 118
20 85
21 25
21 315
21 62
21 80
22 374
22 46
22 494
22 27
22 391
22 136
23 31
25 345
26 49
26 332
26 241
26 470
26 109
27 390
27 72
27 162
28 68
28 66
28 114
29 41
30 476
30 296
31 460
31 436
31 493
32 140
32 250
32 68
32 116
32 48
32 254
33 83
33 45
33 452
33 416
33 210
34 55
35 121
36 82
36 55
37 357
37 39
37 85
37 79
38 229
38 115
38 450
39 195
39 383
39 170
39 471
40 106
40 94
41 54
41 125
42 110
42 50
43 75
43 100
43 365
44 70
44 262
44 174
44 370
44 97
44 46
44 203
45 54
45 268
45 182
46 293
46 249
47 489
47 103
49 478
50 313
52 398
53 352
53 177
55 73
55 77
55 99
55 343
55 102
57 431
57 143
57 137
58 158
58 412
58 438
58 463
59 360
59 117
60 429
61 256
61 86
61 81
61 194
62 458
62 372
62 375
62 103
63 89
64 193
64 85
64 269
65 102
65 218
65 378
66 467
67 202
67 151
68 80
68 92
68 303
68 405
69 385
69 262
71 484
71 196
71 477
72 491
74 186
74 118
74 474
76 307
76 202
77 249
78 287
79 132
79 497
79 183
81 119
81 200
81 98
82 294
82 189
83 336
83 285
83 506
85 112
85 91
85 90
85 95
86 227
87 174
89 422
91 223
91 467
91 414
92 174
92 253
92 101
92 362
92 273
93 282
93 101
94 308
94 411
95 387
96 248
97 510
97 222
97 164
98 113
98 403
99 448
100 377
104 268
105 188
106 168
107 210
107 473
107 261
107 247
107 148
107 428
108 124
108 250
109 337
109 444
110 114
110 351
110 167
111 333
111 481
111 490
111 122
112 508
112 234
114 507
114 289
114 117
115 183
117 482
119 455
119 166
119 386
120 147
120 505
120 479
121 487
121 298
122 225
122 309
124 185
125 300
125 281
126 274
126 142
126 463
128 469
128 297
128 496
128 463
129 466
129 354
129 440
130 306
131 286
132 486
133 470
134 295
134 278
135 431
137 152
137 336
137 242
138 217
138 184
138 226
139 416
139 292
140 211
141 228
141 157
141 330
141 171
144 178
145 357
146 206
146 447
146 437
149 233
149 229
150 267
150 413
151 226
151 342
151 232
152 453
153 215
153 446
153 311
153 231
154 226
155 189
155 465
157 280
159 393
160 248
160 382
161 215
163 223
164 435
164 265
165 242
167 236
167 283
169 185
169 180
169 503
170 323
172 188
175 373
176 220
179 191
179 482
179 338
180 275
181 245
181 329
182 421
183 224
183 263
184 344
184 264
187 258
188 401
188 339
188 409
189 396
190 249
192 336
192 319
193 427
197 474
198 394
198 501
199 391
199 424
202 349
202 405
204 483
207 367
208 327
208 504
208 443
208 499
209 213
209 246
209 495
211 286
212 408
213 257
214 256
215 502
215 243
215 356
216 396
218 276
219 460
220 485
221 295
221 432
223 389
225 255
228 286
230 272
233 314
235 245
235 301
235 377
238 358
239 493
240 365
244 466
247 306
251 431
252 312
252 350
258 359
259 370
260 481
261 334
266 400
267 345
270 317
270 395
271 327
271 399
272 384
272 323
273 459
273 309
275 445
277 332
279 393
284 341
284 418
284 419
287 407
287 505
288 404
288 444
289 361
290 495
290 370
291 409
295 391
295 451
298 305
299 478
302 329
305 380
309 425
310 426
312 444
312 409
312 356
316 367
316 427
318 498
320 468
321 328
322 495
322 461
324 344
326 352
328 482
328 464
328 440
330 400
331 436
333 402
335 395
336 484
340 354
345 480
345 472
346 372
347 396
348 423
348 503
349 492
352 509
352 475
353 418
355 456
355 483
356 397
363 459
364 368
366 429
370 500
371 392
373 423
376 377
379 455
381 384
388 449
391 398
391 434
391 498
393 426
393 448
394 467
406 447
407 439
409 422
410 443
415 445
417 452
418 461
420 468
420 433
426 479
429 496
429 456
430 468
436 488
441 442
441 449
441 456
447 452
457 495
461 502
462 505
484 504
493 511
493 496
