300
0 28
1 119
1 24
1 26
2 3
2 4
3 53
4 84
4 127
4 6
4 50
5 18
5 22
6 51
7 123
7 41
7 71
7 91
8 15
8 88
8 21
9 23
10 20
11 90
11 17
12 40
12 75
12 25
13 14
14 23
14 30
16 53
19 35
19 114
19 67
19 24
19 122
20 53
20 118
21 25
21 56
21 31
21 62
21 80
22 46
22 27
22 107
23 31
24 53
27 72
28 68
28 66
29 41
30 115
31 63
32 48
32 116
32 68
33 68
33 45
33 87
33 83
34 55
34 122
35 121
36 82
37 39
37 76
37 85
37 79
38 48
40 94
41 46
41 54
42 68
42 110
43 48
44 70
44 97
44 46
45 54
47 103
49 52
51 106
51 58
52 85
53 57
54 105
55 125
55 77
55 73
55 99
59 117
60 119
61 81
61 86
62 103
62 100
63 89
64 82
64 85
65 102
65 106
67 96
68 92
68 80
69 118
72 126
74 118
78 97
81 119
81 98
85 90
85 91
85 95
85 104
85 112
92 101
93 101
98 113
103 109
108 124
108 127
110 114
110 120
111 122
114 117
