( 1 , 342 ) 14
( 1 , 587 ) 30
( 1 , 190 ) 49
( 2 , 291 ) 42
( 2 , 209 ) 13
( 2 , 233 ) 25
( 3 , 508 ) 39
( 3 , 307 ) 23
( 3 , 159 ) 26
( 4 , 60 ) 23
( 4 , 333 ) 17
( 4 , 497 ) 26
( 5 , 705 ) 7
( 5 , 295 ) 39
( 5 , 219 ) 18
( 6 , 450 ) 18
( 6 , 594 ) 46
( 6 , 251 ) 35
( 7 , 277 ) 2
( 7 , 699 ) 43
( 7 , 200 ) 25
( 8 , 343 ) 39
( 8 , 526 ) 42
( 8 , 221 ) 40
( 9 , 385 ) 45
( 9 , 444 ) 12
( 9 , 115 ) 41
( 10 , 458 ) 20
( 10 , 97 ) 47
( 10 , 663 ) 12
( 11 , 178 ) 6
( 11 , 147 ) 12
( 11 , 423 ) 12
( 12 , 600 ) 22
( 12 , 431 ) 19
( 12 , 279 ) 14
( 13 , 470 ) 19
( 13 , 217 ) 23
( 13 , 477 ) 12
( 14 , 344 ) 18
( 14 , 683 ) 45
( 14 , 41 ) 21
( 15 , 369 ) 8
( 15 , 107 ) 30
( 15 , 350 ) 30
( 16 , 165 ) 14
( 16 , 17 ) 17
( 16 , 404 ) 35
( 17 , 479 ) 44
( 17 , 399 ) 29
( 17 , 576 ) 13
( 18 , 421 ) 22
( 18 , 673 ) 16
( 18 , 439 ) 18
( 19 , 195 ) 44
( 19 , 413 ) 10
( 19 , 719 ) 24
( 20 , 729 ) 28
( 20 , 284 ) 20
( 20 , 585 ) 4
( 21 , 629 ) 8
( 21 , 654 ) 34
( 21 , 676 ) 39
( 22 , 254 ) 43
( 22 , 214 ) 42
( 22 , 380 ) 23
( 23 , 587 ) 24
( 23 , 595 ) 16
( 23 , 65 ) 48
( 24 , 640 ) 10
( 24 , 231 ) 10
( 24 , 327 ) 25
( 25 , 420 ) 45
( 25 , 558 ) 12
( 25 , 495 ) 42
( 26 , 273 ) 46
( 26 , 281 ) 30
( 26 , 154 ) 31
( 27 , 16 ) 16
( 27 , 347 ) 10
( 27 , 140 ) 45
( 28 , 171 ) 16
( 28 , 287 ) 23
( 28 , 246 ) 19
( 29 , 420 ) 11
( 29 , 187 ) 43
( 29 , 317 ) 30
( 30 , 67 ) 3
( 30 , 117 ) 11
( 30 , 119 ) 43
( 31 , 12 ) 31
( 31 , 482 ) 30
( 31 , 519 ) 35
( 32 , 184 ) 27
( 32 , 259 ) 21
( 32 , 72 ) 13
( 33 , 297 ) 26
( 33 , 671 ) 50
( 33 , 213 ) 5
( 34 , 472 ) 39
( 34 , 126 ) 12
( 34 , 340 ) 41
( 35 , 25 ) 15
( 35 , 466 ) 10
( 35 , 401 ) 8
( 36 , 619 ) 7
( 36 , 24 ) 7
( 36 , 606 ) 48
( 37 , 625 ) 45
( 37 , 356 ) 38
( 37 , 6 ) 40
( 38 , 284 ) 4
( 38 , 292 ) 48
( 38 , 408 ) 40
( 39 , 12 ) 46
( 39 , 309 ) 20
( 39 , 91 ) 16
( 40 , 710 ) 42
( 40 , 443 ) 22
( 40 , 329 ) 26
( 41 , 624 ) 29
( 41 , 17 ) 44
( 41 , 168 ) 17
( 42 , 47 ) 31
( 42 , 141 ) 7
( 42 , 173 ) 30
( 43 , 574 ) 17
( 43 , 505 ) 13
( 43 , 65 ) 3
( 44 , 451 ) 34
( 44 , 10 ) 17
( 44 , 296 ) 9
( 45 , 22 ) 3
( 45 , 651 ) 23
( 45 , 349 ) 4
( 46 , 622 ) 7
( 46 , 509 ) 32
( 46 , 382 ) 16
( 47 , 73 ) 21
( 47 , 519 ) 27
( 47 , 435 ) 48
( 48 , 295 ) 21
( 48 , 349 ) 13
( 48 , 416 ) 13
( 49 , 579 ) 12
( 49 , 299 ) 21
( 49 , 555 ) 17
( 50 , 403 ) 10
( 50 , 686 ) 45
( 50 , 711 ) 13
( 51 , 619 ) 42
( 51 , 394 ) 22
( 51 , 109 ) 36
( 52 , 681 ) 2
( 52 , 659 ) 6
( 52 , 250 ) 38
( 53 , 216 ) 38
( 53 , 467 ) 3
( 53 , 584 ) 13
( 54 , 509 ) 43
( 54 , 175 ) 39
( 54 , 500 ) 41
( 55 , 300 ) 19
( 55 , 685 ) 23
( 55 , 194 ) 47
( 56 , 411 ) 27
( 56 , 656 ) 8
( 56 , 237 ) 32
( 57 , 392 ) 36
( 57 , 312 ) 1
( 57 , 721 ) 5
( 58 , 430 ) 20
( 58 , 640 ) 44
( 58 , 24 ) 16
( 59 , 219 ) 29
( 59 , 710 ) 49
( 59 , 370 ) 49
( 60 , 31 ) 36
( 60 , 221 ) 13
( 60 , 665 ) 41
( 61 , 596 ) 37
( 61 , 546 ) 35
( 61 , 469 ) 8
( 62 , 25 ) 47
( 62 , 544 ) 24
( 62 , 636 ) 34
( 63 , 277 ) 42
( 63 , 184 ) 32
( 63 , 314 ) 9
( 64 , 452 ) 4
( 64 , 366 ) 39
( 64 , 261 ) 27
( 65 , 58 ) 25
( 65 , 450 ) 35
( 65 , 327 ) 15
( 66 , 566 ) 6
( 66 , 665 ) 5
( 66 , 189 ) 9
( 67 , 51 ) 7
( 67 , 557 ) 35
( 67 , 663 ) 17
( 68 , 530 ) 23
( 68 , 133 ) 25
( 68 , 331 ) 35
( 69 , 292 ) 5
( 69 , 638 ) 37
( 69 , 592 ) 30
( 70 , 714 ) 27
( 70 , 691 ) 5
( 70 , 212 ) 40
( 71 , 652 ) 36
( 71 , 155 ) 32
( 71 , 125 ) 23
( 72 , 340 ) 22
( 72 , 38 ) 12
( 72 , 567 ) 46
( 73 , 526 ) 15
( 73 , 176 ) 46
( 73 , 314 ) 3
( 74 , 166 ) 43
( 74 , 463 ) 50
( 74 , 704 ) 30
( 75 , 377 ) 50
( 75 , 134 ) 17
( 75 , 333 ) 30
( 76 , 354 ) 18
( 76 , 375 ) 47
( 76 , 630 ) 18
( 77 , 454 ) 38
( 77 , 280 ) 6
( 77 , 210 ) 30
( 78 , 370 ) 33
( 78 , 166 ) 43
( 78 , 79 ) 28
( 79 , 648 ) 22
( 79 , 676 ) 10
( 79 , 284 ) 37
( 80 , 585 ) 4
( 80 , 644 ) 25
( 80 , 356 ) 39
( 81 , 184 ) 24
( 81 , 302 ) 41
( 81 , 118 ) 32
( 82 , 507 ) 1
( 82 , 545 ) 40
( 82 , 524 ) 5
( 83 , 335 ) 23
( 83 , 326 ) 5
( 83 , 605 ) 20
( 84 , 705 ) 39
( 84 , 255 ) 34
( 84 , 17 ) 22
( 85 , 234 ) 25
( 85 , 684 ) 2
( 85 , 3 ) 43
( 86 , 307 ) 1
( 86 , 393 ) 40
( 86 , 608 ) 19
( 87 , 416 ) 20
( 87 , 460 ) 3
( 87 , 351 ) 20
( 88 , 597 ) 40
( 88 , 165 ) 5
( 88 , 229 ) 42
( 89 , 279 ) 44
( 89 , 576 ) 11
( 89 , 393 ) 43
( 90 , 75 ) 37
( 90 , 397 ) 31
( 90 , 304 ) 18
( 91 , 660 ) 5
( 91 , 643 ) 34
( 91 , 639 ) 21
( 92 , 179 ) 31
( 92 , 260 ) 18
( 92 , 16 ) 50
( 93 , 11 ) 23
( 93 , 456 ) 47
( 93 , 714 ) 14
( 94 , 683 ) 38
( 94 , 145 ) 10
( 94 , 328 ) 17
( 95 , 7 ) 44
( 95 , 16 ) 30
( 95 , 385 ) 33
( 96 , 127 ) 34
( 96 , 431 ) 4
( 96 , 499 ) 1
( 97 , 166 ) 25
( 97 , 537 ) 7
( 97 , 80 ) 42
( 98 , 56 ) 22
( 98 , 32 ) 46
( 98 , 634 ) 17
( 99 , 135 ) 48
( 99 , 305 ) 13
( 99 , 614 ) 39
( 100 , 299 ) 49
( 100 , 177 ) 10
( 100 , 438 ) 18
( 101 , 67 ) 23
( 101 , 503 ) 47
( 101 , 580 ) 28
( 102 , 10 ) 39
( 102 , 662 ) 21
( 102 , 68 ) 15
( 103 , 113 ) 25
( 103 , 277 ) 17
( 103 , 522 ) 39
( 104 , 603 ) 28
( 104 , 32 ) 21
( 104 , 635 ) 18
( 105 , 315 ) 13
( 105 , 490 ) 33
( 105 , 475 ) 27
( 106 , 714 ) 17
( 106 , 449 ) 37
( 106 , 26 ) 30
( 107 , 243 ) 31
( 107 , 85 ) 20
( 107 , 541 ) 40
( 108 , 502 ) 11
( 108 , 687 ) 38
( 108 , 458 ) 18
( 109 , 357 ) 7
( 109 , 340 ) 42
( 109 , 646 ) 38
( 110 , 460 ) 10
( 110 , 360 ) 43
( 110 , 60 ) 36
( 111 , 423 ) 25
( 111 , 302 ) 47
( 111 , 569 ) 38
( 112 , 16 ) 8
( 112 , 654 ) 23
( 112 , 263 ) 33
( 113 , 624 ) 38
( 113 , 503 ) 2
( 113 , 516 ) 33
( 114 , 390 ) 50
( 114 , 161 ) 41
( 114 , 287 ) 44
( 115 , 523 ) 50
( 115 , 144 ) 36
( 115 , 588 ) 34
( 116 , 23 ) 7
( 116 , 146 ) 30
( 116 , 204 ) 13
( 117 , 491 ) 18
( 117 , 115 ) 37
( 117 , 699 ) 11
( 118 , 241 ) 28
( 118 , 642 ) 4
( 118 , 590 ) 31
( 119 , 445 ) 11
( 119 , 134 ) 19
( 119 , 238 ) 15
( 120 , 666 ) 20
( 120 , 421 ) 36
( 120 , 137 ) 4
( 121 , 514 ) 38
( 121 , 437 ) 50
( 121 , 446 ) 42
( 122 , 120 ) 27
( 122 , 609 ) 29
( 122 , 355 ) 49
( 123 , 54 ) 29
( 123 , 531 ) 15
( 123 , 548 ) 35
( 124 , 289 ) 14
( 124 , 541 ) 10
( 124 , 490 ) 3
( 125 , 308 ) 45
( 125 , 705 ) 26
( 125 , 317 ) 38
( 126 , 319 ) 32
( 126 , 603 ) 32
( 126 , 334 ) 25
( 127 , 618 ) 27
( 127 , 568 ) 33
( 127 , 82 ) 5
( 128 , 622 ) 12
( 128 , 382 ) 41
( 128 , 343 ) 29
( 129 , 665 ) 39
( 129 , 398 ) 1
( 129 , 55 ) 3
( 130 , 233 ) 33
( 130 , 499 ) 30
( 130 , 104 ) 5
( 131 , 62 ) 7
( 131 , 655 ) 8
( 131 , 266 ) 41
( 132 , 17 ) 22
( 132 , 633 ) 29
( 132 , 726 ) 32
( 133 , 661 ) 37
( 133 , 426 ) 10
( 133 , 526 ) 38
( 134 , 434 ) 26
( 134 , 115 ) 20
( 134 , 725 ) 43
( 135 , 336 ) 19
( 135 , 370 ) 11
( 135 , 466 ) 5
( 136 , 486 ) 4
( 136 , 186 ) 39
( 136 , 466 ) 2
( 137 , 598 ) 15
( 137 , 257 ) 22
( 137 , 376 ) 48
( 138 , 553 ) 42
( 138 , 672 ) 47
( 138 , 552 ) 33
( 139 , 516 ) 7
( 139 , 184 ) 30
( 139 , 464 ) 29
( 140 , 51 ) 50
( 140 , 494 ) 36
( 140 , 648 ) 7
( 141 , 124 ) 42
( 141 , 298 ) 22
( 141 , 403 ) 28
( 142 , 690 ) 23
( 142 , 723 ) 50
( 142 , 106 ) 11
( 143 , 335 ) 4
( 143 , 274 ) 2
( 143 , 195 ) 33
( 144 , 137 ) 5
( 144 , 515 ) 44
( 144 , 557 ) 33
( 145 , 41 ) 25
( 145 , 578 ) 30
( 145 , 356 ) 9
( 146 , 167 ) 44
( 146 , 521 ) 20
( 146 , 23 ) 43
( 147 , 449 ) 10
( 147 , 200 ) 33
( 147 , 210 ) 39
( 148 , 468 ) 5
( 148 , 328 ) 5
( 148 , 55 ) 4
( 149 , 410 ) 7
( 149 , 171 ) 40
( 149 , 449 ) 26
( 150 , 523 ) 16
( 150 , 273 ) 47
( 150 , 602 ) 46
( 151 , 315 ) 2
( 151 , 265 ) 16
( 151 , 667 ) 48
( 152 , 504 ) 5
( 152 , 589 ) 32
( 152 , 141 ) 16
( 153 , 309 ) 33
( 153 , 21 ) 11
( 153 , 668 ) 5
( 154 , 292 ) 26
( 154 , 489 ) 24
( 154 , 654 ) 2
( 155 , 268 ) 21
( 155 , 521 ) 12
( 155 , 5 ) 27
( 156 , 419 ) 48
( 156 , 19 ) 28
( 156 , 362 ) 2
( 157 , 706 ) 11
( 157 , 170 ) 36
( 157 , 421 ) 4
( 158 , 286 ) 20
( 158 , 336 ) 31
( 158 , 568 ) 23
( 159 , 342 ) 38
( 159 , 45 ) 49
( 159 , 708 ) 1
( 160 , 670 ) 12
( 160 , 601 ) 14
( 160 , 423 ) 7
( 161 , 600 ) 12
( 161 , 683 ) 20
( 161 , 528 ) 42
( 162 , 545 ) 20
( 162 , 310 ) 23
( 162 , 180 ) 30
( 163 , 72 ) 30
( 163 , 601 ) 36
( 163 , 19 ) 39
( 164 , 266 ) 18
( 164 , 253 ) 33
( 164 , 538 ) 43
( 165 , 212 ) 49
( 165 , 463 ) 21
( 165 , 493 ) 46
( 166 , 183 ) 9
( 166 , 33 ) 39
( 166 , 474 ) 37
( 167 , 622 ) 9
( 167 , 439 ) 38
( 167 , 176 ) 26
( 168 , 666 ) 50
( 168 , 419 ) 9
( 168 , 374 ) 3
( 169 , 30 ) 45
( 169 , 505 ) 14
( 169 , 670 ) 29
( 170 , 346 ) 27
( 170 , 519 ) 8
( 170 , 90 ) 38
( 171 , 395 ) 39
( 171 , 681 ) 26
( 171 , 257 ) 28
( 172 , 690 ) 39
( 172 , 417 ) 25
( 172 , 338 ) 13
( 173 , 606 ) 9
( 173 , 5 ) 32
( 173 , 106 ) 18
( 174 , 510 ) 17
( 174 , 576 ) 17
( 174 , 267 ) 45
( 175 , 207 ) 25
( 175 , 317 ) 27
( 175 , 601 ) 28
( 176 , 694 ) 9
( 176 , 709 ) 10
( 176 , 621 ) 5
( 177 , 532 ) 6
( 177 , 584 ) 22
( 177 , 50 ) 48
( 178 , 114 ) 37
( 178 , 698 ) 19
( 178 , 66 ) 14
( 179 , 526 ) 29
( 179 , 501 ) 24
( 179 , 78 ) 27
( 180 , 534 ) 14
( 180 , 415 ) 19
( 180 , 544 ) 1
( 181 , 490 ) 24
( 181 , 353 ) 14
( 181 , 252 ) 36
( 182 , 361 ) 9
( 182 , 482 ) 47
( 182 , 603 ) 1
( 183 , 226 ) 46
( 183 , 377 ) 24
( 183 , 576 ) 1
( 184 , 236 ) 36
( 184 , 145 ) 27
( 184 , 2 ) 42
( 185 , 59 ) 15
( 185 , 529 ) 33
( 185 , 572 ) 49
( 186 , 6 ) 50
( 186 , 401 ) 19
( 186 , 563 ) 20
( 187 , 53 ) 21
( 187 , 270 ) 26
( 187 , 32 ) 22
( 188 , 245 ) 9
( 188 , 254 ) 29
( 188 , 327 ) 19
( 189 , 660 ) 25
( 189 , 333 ) 25
( 189 , 292 ) 21
( 190 , 245 ) 24
( 190 , 262 ) 15
( 190 , 639 ) 11
( 191 , 559 ) 2
( 191 , 499 ) 20
( 191 , 228 ) 15
( 192 , 264 ) 30
( 192 , 286 ) 36
( 192 , 222 ) 44
( 193 , 88 ) 10
( 193 , 128 ) 20
( 193 , 6 ) 41
( 194 , 166 ) 10
( 194 , 205 ) 7
( 194 , 714 ) 45
( 195 , 23 ) 19
( 195 , 398 ) 12
( 195 , 613 ) 1
( 196 , 406 ) 30
( 196 , 279 ) 25
( 196 , 441 ) 19
( 197 , 121 ) 11
( 197 , 433 ) 21
( 197 , 307 ) 40
( 198 , 136 ) 5
( 198 , 399 ) 1
( 198 , 28 ) 6
( 199 , 689 ) 17
( 199 , 104 ) 35
( 199 , 295 ) 11
( 200 , 57 ) 30
( 200 , 528 ) 38
( 200 , 405 ) 12
( 201 , 677 ) 33
( 201 , 421 ) 6
( 201 , 241 ) 43
( 202 , 414 ) 33
( 202 , 490 ) 46
( 202 , 288 ) 15
( 203 , 188 ) 41
( 203 , 56 ) 19
( 203 , 312 ) 31
( 204 , 81 ) 30
( 204 , 692 ) 20
( 204 , 511 ) 17
( 205 , 10 ) 5
( 205 , 350 ) 14
( 205 , 650 ) 40
( 206 , 409 ) 41
( 206 , 316 ) 42
( 206 , 399 ) 28
( 207 , 172 ) 22
( 207 , 541 ) 5
( 207 , 654 ) 24
( 208 , 285 ) 28
( 208 , 643 ) 24
( 208 , 148 ) 35
( 209 , 200 ) 19
( 209 , 196 ) 38
( 209 , 391 ) 9
( 210 , 346 ) 36
( 210 , 256 ) 11
( 210 , 439 ) 7
( 211 , 56 ) 50
( 211 , 598 ) 46
( 211 , 340 ) 7
( 212 , 520 ) 36
( 212 , 405 ) 48
( 212 , 224 ) 34
( 213 , 155 ) 46
( 213 , 615 ) 26
( 213 , 110 ) 19
( 214 , 697 ) 4
( 214 , 658 ) 20
( 214 , 22 ) 14
( 215 , 147 ) 20
( 215 , 225 ) 21
( 215 , 12 ) 23
( 216 , 404 ) 18
( 216 , 403 ) 3
( 216 , 628 ) 31
( 217 , 546 ) 19
( 217 , 667 ) 40
( 217 , 602 ) 27
( 218 , 412 ) 50
( 218 , 324 ) 17
( 218 , 520 ) 27
( 219 , 583 ) 33
( 219 , 618 ) 12
( 219 , 536 ) 23
( 220 , 516 ) 44
( 220 , 234 ) 19
( 220 , 80 ) 26
( 221 , 82 ) 29
( 221 , 67 ) 40
( 221 , 417 ) 47
( 222 , 166 ) 18
( 222 , 147 ) 44
( 222 , 536 ) 37
( 223 , 228 ) 47
( 223 , 96 ) 23
( 223 , 636 ) 11
( 224 , 362 ) 23
( 224 , 436 ) 19
( 224 , 406 ) 3
( 225 , 288 ) 43
( 225 , 113 ) 19
( 225 , 111 ) 17
( 226 , 4 ) 1
( 226 , 690 ) 17
( 226 , 481 ) 24
( 227 , 156 ) 39
( 227 , 496 ) 32
( 227 , 186 ) 30
( 228 , 217 ) 29
( 228 , 191 ) 40
( 228 , 469 ) 9
( 229 , 22 ) 27
( 229 , 354 ) 36
( 229 , 67 ) 7
( 230 , 676 ) 16
( 230 , 702 ) 42
( 230 , 595 ) 48
( 231 , 676 ) 49
( 231 , 209 ) 39
( 231 , 314 ) 14
( 232 , 141 ) 22
( 232 , 469 ) 49
( 232 , 145 ) 19
( 233 , 538 ) 18
( 233 , 379 ) 48
( 233 , 618 ) 2
( 234 , 692 ) 49
( 234 , 82 ) 8
( 234 , 374 ) 14
( 235 , 588 ) 8
( 235 , 15 ) 19
( 235 , 54 ) 38
( 236 , 641 ) 27
( 236 , 558 ) 32
( 236 , 229 ) 32
( 237 , 608 ) 49
( 237 , 419 ) 24
( 237 , 509 ) 10
( 238 , 605 ) 43
( 238 , 612 ) 11
( 238 , 627 ) 3
( 239 , 54 ) 49
( 239 , 15 ) 4
( 239 , 297 ) 26
( 240 , 149 ) 5
( 240 , 108 ) 6
( 240 , 669 ) 44
( 241 , 414 ) 36
( 241 , 164 ) 8
( 241 , 443 ) 11
( 242 , 485 ) 43
( 242 , 530 ) 37
( 242 , 53 ) 35
( 243 , 220 ) 29
( 243 , 571 ) 8
( 243 , 184 ) 38
( 244 , 380 ) 35
( 244 , 714 ) 3
( 244 , 31 ) 24
( 245 , 671 ) 49
( 245 , 496 ) 28
( 245 , 294 ) 38
( 246 , 11 ) 26
( 246 , 575 ) 27
( 246 , 238 ) 23
( 247 , 313 ) 8
( 247 , 100 ) 24
( 247 , 209 ) 44
( 248 , 514 ) 37
( 248 , 111 ) 13
( 248 , 358 ) 49
( 249 , 671 ) 25
( 249 , 251 ) 8
( 249 , 272 ) 23
( 250 , 232 ) 27
( 250 , 584 ) 20
( 250 , 618 ) 18
( 251 , 574 ) 7
( 251 , 492 ) 39
( 251 , 353 ) 36
( 252 , 252 ) 13
( 252 , 26 ) 21
( 252 , 355 ) 9
( 253 , 652 ) 46
( 253 , 164 ) 10
( 253 , 24 ) 24
( 254 , 366 ) 25
( 254 , 253 ) 45
( 254 , 521 ) 20
( 255 , 39 ) 32
( 255 , 195 ) 49
( 255 , 553 ) 48
( 256 , 153 ) 4
( 256 , 324 ) 23
( 256 , 459 ) 24
( 257 , 589 ) 27
( 257 , 66 ) 38
( 257 , 117 ) 15
( 258 , 654 ) 21
( 258 , 317 ) 48
( 258 , 679 ) 21
( 259 , 329 ) 8
( 259 , 385 ) 30
( 259 , 282 ) 25
( 260 , 592 ) 7
( 260 , 467 ) 31
( 260 , 422 ) 47
( 261 , 625 ) 50
( 261 , 701 ) 44
( 261 , 292 ) 1
( 262 , 457 ) 47
( 262 , 197 ) 18
( 262 , 700 ) 6
( 263 , 303 ) 11
( 263 , 338 ) 4
( 263 , 109 ) 13
( 264 , 594 ) 42
( 264 , 655 ) 39
( 264 , 294 ) 30
( 265 , 183 ) 11
( 265 , 331 ) 39
( 265 , 612 ) 48
( 266 , 697 ) 35
( 266 , 449 ) 36
( 266 , 648 ) 38
( 267 , 444 ) 2
( 267 , 424 ) 38
( 267 , 642 ) 45
( 268 , 68 ) 2
( 268 , 215 ) 11
( 268 , 437 ) 2
( 269 , 608 ) 2
( 269 , 407 ) 46
( 269 , 542 ) 29
( 270 , 127 ) 23
( 270 , 478 ) 24
( 270 , 3 ) 8
( 271 , 61 ) 41
( 271 , 271 ) 41
( 271 , 623 ) 34
( 272 , 343 ) 33
( 272 , 660 ) 47
( 272 , 457 ) 48
( 273 , 8 ) 28
( 273 , 238 ) 26
( 273 , 271 ) 12
( 274 , 571 ) 30
( 274 , 319 ) 19
( 274 , 319 ) 29
( 275 , 244 ) 42
( 275 , 699 ) 14
( 275 , 451 ) 14
( 276 , 485 ) 10
( 276 , 536 ) 45
( 276 , 667 ) 50
( 277 , 694 ) 12
( 277 , 641 ) 2
( 277 , 39 ) 20
( 278 , 701 ) 35
( 278 , 276 ) 15
( 278 , 24 ) 33
( 279 , 655 ) 20
( 279 , 522 ) 42
( 279 , 413 ) 32
( 280 , 341 ) 3
( 280 , 621 ) 20
( 280 , 102 ) 43
( 281 , 449 ) 5
( 281 , 62 ) 26
( 281 , 62 ) 23
( 282 , 614 ) 13
( 282 , 395 ) 32
( 282 , 638 ) 20
( 283 , 470 ) 35
( 283 , 40 ) 39
( 283 , 157 ) 47
( 284 , 203 ) 46
( 284 , 114 ) 40
( 284 , 117 ) 24
( 285 , 57 ) 3
( 285 , 190 ) 17
( 285 , 293 ) 43
( 286 , 159 ) 18
( 286 , 420 ) 8
( 286 , 585 ) 39
( 287 , 333 ) 1
( 287 , 385 ) 38
( 287 , 553 ) 38
( 288 , 668 ) 11
( 288 , 221 ) 15
( 288 , 319 ) 21
( 289 , 728 ) 9
( 289 , 602 ) 30
( 289 , 225 ) 33
( 290 , 109 ) 1
( 290 , 209 ) 34
( 290 , 47 ) 43
( 291 , 710 ) 43
( 291 , 553 ) 22
( 291 , 534 ) 21
( 292 , 544 ) 4
( 292 , 622 ) 14
( 292 , 409 ) 19
( 293 , 68 ) 32
( 293 , 108 ) 21
( 293 , 352 ) 43
( 294 , 592 ) 31
( 294 , 632 ) 34
( 294 , 55 ) 27
( 295 , 326 ) 9
( 295 , 569 ) 37
( 295 , 665 ) 45
( 296 , 639 ) 37
( 296 , 391 ) 43
( 296 , 474 ) 19
( 297 , 566 ) 4
( 297 , 540 ) 45
( 297 , 295 ) 43
( 298 , 438 ) 17
( 298 , 323 ) 28
( 298 , 228 ) 36
( 299 , 450 ) 1
( 299 , 72 ) 1
( 299 , 82 ) 30
( 300 , 89 ) 5
( 300 , 358 ) 37
( 300 , 272 ) 41
( 301 , 57 ) 32
( 301 , 130 ) 24
( 301 , 682 ) 30
( 302 , 578 ) 44
( 302 , 619 ) 49
( 302 , 110 ) 37
( 303 , 671 ) 32
( 303 , 379 ) 32
( 303 , 152 ) 4
( 304 , 613 ) 22
( 304 , 631 ) 12
( 304 , 241 ) 20
( 305 , 384 ) 20
( 305 , 438 ) 22
( 305 , 287 ) 18
( 306 , 263 ) 19
( 306 , 228 ) 17
( 306 , 257 ) 1
( 307 , 618 ) 14
( 307 , 260 ) 38
( 307 , 290 ) 41
( 308 , 716 ) 46
( 308 , 214 ) 16
( 308 , 302 ) 50
( 309 , 34 ) 14
( 309 , 551 ) 5
( 309 , 344 ) 13
( 310 , 483 ) 11
( 310 , 265 ) 16
( 310 , 649 ) 12
( 311 , 644 ) 9
( 311 , 286 ) 5
( 311 , 361 ) 36
( 312 , 121 ) 35
( 312 , 642 ) 8
( 312 , 385 ) 28
( 313 , 275 ) 9
( 313 , 684 ) 36
( 313 , 214 ) 30
( 314 , 284 ) 43
( 314 , 120 ) 6
( 314 , 637 ) 41
( 315 , 444 ) 18
( 315 , 337 ) 18
( 315 , 203 ) 31
( 316 , 45 ) 23
( 316 , 527 ) 16
( 316 , 99 ) 8
( 317 , 50 ) 18
( 317 , 206 ) 42
( 317 , 527 ) 45
( 318 , 553 ) 38
( 318 , 69 ) 11
( 318 , 297 ) 12
( 319 , 417 ) 14
( 319 , 602 ) 18
( 319 , 21 ) 42
( 320 , 368 ) 26
( 320 , 91 ) 36
( 320 , 197 ) 21
( 321 , 131 ) 18
( 321 , 530 ) 15
( 321 , 365 ) 3
( 322 , 421 ) 4
( 322 , 489 ) 40
( 322 , 661 ) 28
( 323 , 501 ) 25
( 323 , 489 ) 2
( 323 , 190 ) 34
( 324 , 273 ) 30
( 324 , 443 ) 43
( 324 , 157 ) 39
( 325 , 481 ) 9
( 325 , 509 ) 10
( 325 , 38 ) 4
( 326 , 465 ) 22
( 326 , 423 ) 13
( 326 , 213 ) 21
( 327 , 464 ) 33
( 327 , 561 ) 22
( 327 , 401 ) 19
( 328 , 645 ) 21
( 328 , 125 ) 7
( 328 , 694 ) 24
( 329 , 32 ) 5
( 329 , 339 ) 48
( 329 , 663 ) 48
( 330 , 160 ) 20
( 330 , 240 ) 10
( 330 , 181 ) 28
( 331 , 111 ) 36
( 331 , 356 ) 5
( 331 , 184 ) 9
( 332 , 513 ) 10
( 332 , 459 ) 43
( 332 , 680 ) 30
( 333 , 152 ) 37
( 333 , 551 ) 11
( 333 , 365 ) 27
( 334 , 371 ) 22
( 334 , 666 ) 20
( 334 , 727 ) 30
( 335 , 633 ) 41
( 335 , 411 ) 28
( 335 , 633 ) 19
( 336 , 320 ) 49
( 336 , 121 ) 26
( 336 , 517 ) 42
( 337 , 378 ) 46
( 337 , 439 ) 6
( 337 , 591 ) 1
( 338 , 329 ) 46
( 338 , 439 ) 36
( 338 , 511 ) 1
( 339 , 569 ) 20
( 339 , 300 ) 22
( 339 , 618 ) 32
( 340 , 25 ) 23
( 340 , 548 ) 29
( 340 , 254 ) 18
( 341 , 336 ) 15
( 341 , 180 ) 50
( 341 , 519 ) 45
( 342 , 370 ) 47
( 342 , 661 ) 7
( 342 , 231 ) 49
( 343 , 246 ) 20
( 343 , 642 ) 27
( 343 , 140 ) 19
( 344 , 396 ) 5
( 344 , 107 ) 45
( 344 , 621 ) 18
( 345 , 128 ) 37
( 345 , 54 ) 46
( 345 , 517 ) 10
( 346 , 425 ) 16
( 346 , 432 ) 27
( 346 , 324 ) 41
( 347 , 212 ) 28
( 347 , 77 ) 44
( 347 , 438 ) 23
( 348 , 564 ) 2
( 348 , 327 ) 37
( 348 , 688 ) 33
( 349 , 469 ) 37
( 349 , 582 ) 47
( 349 , 373 ) 6
( 350 , 134 ) 6
( 350 , 536 ) 46
( 350 , 376 ) 5
( 351 , 597 ) 17
( 351 , 436 ) 30
( 351 , 224 ) 21
( 352 , 211 ) 20
( 352 , 278 ) 34
( 352 , 725 ) 19
( 353 , 683 ) 18
( 353 , 427 ) 29
( 353 , 45 ) 6
( 354 , 311 ) 24
( 354 , 129 ) 49
( 354 , 455 ) 49
( 355 , 599 ) 6
( 355 , 644 ) 6
( 355 , 411 ) 32
( 356 , 214 ) 8
( 356 , 101 ) 3
( 356 , 577 ) 25
( 357 , 4 ) 20
( 357 , 574 ) 4
( 357 , 214 ) 36
( 358 , 496 ) 22
( 358 , 628 ) 9
( 358 , 84 ) 50
( 359 , 127 ) 4
( 359 , 280 ) 17
( 359 , 267 ) 7
( 360 , 636 ) 6
( 360 , 619 ) 4
( 360 , 540 ) 3
( 361 , 225 ) 25
( 361 , 684 ) 33
( 361 , 368 ) 6
( 362 , 528 ) 1
( 362 , 354 ) 8
( 362 , 390 ) 46
( 363 , 194 ) 34
( 363 , 29 ) 42
( 363 , 414 ) 43
( 364 , 115 ) 50
( 364 , 485 ) 8
( 364 , 723 ) 14
( 365 , 213 ) 49
( 365 , 679 ) 14
( 365 , 218 ) 40
( 366 , 339 ) 4
( 366 , 633 ) 38
( 366 , 562 ) 27
( 367 , 537 ) 37
( 367 , 168 ) 12
( 367 , 625 ) 2
( 368 , 633 ) 23
( 368 , 377 ) 40
( 368 , 629 ) 20
( 369 , 590 ) 46
( 369 , 299 ) 41
( 369 , 176 ) 18
( 370 , 392 ) 17
( 370 , 211 ) 17
( 370 , 721 ) 7
( 371 , 586 ) 17
( 371 , 96 ) 36
( 371 , 545 ) 10
( 372 , 476 ) 42
( 372 , 387 ) 24
( 372 , 115 ) 47
( 373 , 605 ) 9
( 373 , 562 ) 7
( 373 , 69 ) 29
( 374 , 227 ) 36
( 374 , 469 ) 5
( 374 , 40 ) 29
( 375 , 465 ) 1
( 375 , 386 ) 21
( 375 , 107 ) 15
( 376 , 560 ) 6
( 376 , 603 ) 12
( 376 , 607 ) 29
( 377 , 441 ) 23
( 377 , 141 ) 14
( 377 , 411 ) 50
( 378 , 418 ) 34
( 378 , 235 ) 15
( 378 , 555 ) 46
( 379 , 676 ) 18
( 379 , 407 ) 2
( 379 , 424 ) 15
( 380 , 706 ) 47
( 380 , 236 ) 11
( 380 , 431 ) 19
( 381 , 78 ) 47
( 381 , 577 ) 14
( 381 , 628 ) 1
( 382 , 640 ) 49
( 382 , 513 ) 5
( 382 , 429 ) 34
( 383 , 213 ) 16
( 383 , 479 ) 33
( 383 , 623 ) 3
( 384 , 152 ) 42
( 384 , 673 ) 37
( 384 , 692 ) 5
( 385 , 319 ) 4
( 385 , 525 ) 29
( 385 , 652 ) 23
( 386 , 375 ) 43
( 386 , 598 ) 25
( 386 , 49 ) 11
( 387 , 131 ) 50
( 387 , 543 ) 29
( 387 , 447 ) 17
( 388 , 531 ) 29
( 388 , 111 ) 28
( 388 , 629 ) 11
( 389 , 147 ) 14
( 389 , 704 ) 45
( 389 , 596 ) 11
( 390 , 68 ) 49
( 390 , 425 ) 10
( 390 , 417 ) 10
( 391 , 456 ) 14
( 391 , 188 ) 25
( 391 , 173 ) 19
( 392 , 253 ) 25
( 392 , 25 ) 42
( 392 , 712 ) 13
( 393 , 260 ) 6
( 393 , 143 ) 31
( 393 , 408 ) 41
( 394 , 440 ) 38
( 394 , 397 ) 4
( 394 , 426 ) 29
( 395 , 277 ) 25
( 395 , 452 ) 6
( 395 , 507 ) 14
( 396 , 275 ) 16
( 396 , 636 ) 14
( 396 , 654 ) 37
( 397 , 670 ) 17
( 397 , 58 ) 3
( 397 , 442 ) 34
( 398 , 318 ) 23
( 398 , 226 ) 21
( 398 , 84 ) 2
( 399 , 480 ) 38
( 399 , 450 ) 19
( 399 , 452 ) 4
( 400 , 259 ) 2
( 400 , 77 ) 27
( 400 , 271 ) 38
( 401 , 657 ) 9
( 401 , 423 ) 21
( 401 , 599 ) 8
( 402 , 529 ) 37
( 402 , 419 ) 32
( 402 , 219 ) 1
( 403 , 625 ) 47
( 403 , 1 ) 6
( 403 , 260 ) 1
( 404 , 257 ) 17
( 404 , 456 ) 29
( 404 , 587 ) 12
( 405 , 266 ) 42
( 405 , 118 ) 26
( 405 , 416 ) 10
( 406 , 302 ) 6
( 406 , 539 ) 36
( 406 , 306 ) 22
( 407 , 391 ) 48
( 407 , 112 ) 49
( 407 , 345 ) 39
( 408 , 539 ) 5
( 408 , 604 ) 43
( 408 , 523 ) 43
( 409 , 462 ) 50
( 409 , 304 ) 12
( 409 , 413 ) 19
( 410 , 24 ) 29
( 410 , 238 ) 25
( 410 , 349 ) 35
( 411 , 132 ) 27
( 411 , 638 ) 13
( 411 , 70 ) 26
( 412 , 529 ) 3
( 412 , 83 ) 27
( 412 , 516 ) 39
( 413 , 246 ) 7
( 413 , 523 ) 6
( 413 , 212 ) 18
( 414 , 656 ) 36
( 414 , 608 ) 32
( 414 , 373 ) 47
( 415 , 265 ) 23
( 415 , 394 ) 35
( 415 , 220 ) 50
( 416 , 456 ) 12
( 416 , 126 ) 26
( 416 , 37 ) 11
( 417 , 230 ) 25
( 417 , 707 ) 13
( 417 , 238 ) 16
( 418 , 135 ) 6
( 418 , 140 ) 16
( 418 , 255 ) 36
( 419 , 69 ) 42
( 419 , 638 ) 5
( 419 , 694 ) 22
( 420 , 311 ) 2
( 420 , 680 ) 37
( 420 , 459 ) 48
( 421 , 435 ) 47
( 421 , 263 ) 28
( 421 , 629 ) 17
( 422 , 294 ) 6
( 422 , 108 ) 21
( 422 , 232 ) 46
( 423 , 94 ) 18
( 423 , 287 ) 17
( 423 , 379 ) 42
( 424 , 213 ) 7
( 424 , 635 ) 14
( 424 , 140 ) 10
( 425 , 321 ) 7
( 425 , 436 ) 40
( 425 , 49 ) 33
( 426 , 525 ) 22
( 426 , 597 ) 39
( 426 , 173 ) 26
( 427 , 214 ) 5
( 427 , 413 ) 26
( 427 , 545 ) 17
( 428 , 419 ) 40
( 428 , 149 ) 41
( 428 , 340 ) 49
( 429 , 76 ) 40
( 429 , 614 ) 36
( 429 , 167 ) 42
( 430 , 450 ) 43
( 430 , 150 ) 35
( 430 , 150 ) 32
( 431 , 285 ) 14
( 431 , 328 ) 14
( 431 , 59 ) 28
( 432 , 328 ) 32
( 432 , 432 ) 23
( 432 , 283 ) 30
( 433 , 452 ) 24
( 433 , 139 ) 24
( 433 , 85 ) 27
( 434 , 361 ) 24
( 434 , 247 ) 9
( 434 , 67 ) 13
( 435 , 407 ) 18
( 435 , 714 ) 21
( 435 , 296 ) 33
( 436 , 49 ) 32
( 436 , 406 ) 39
( 436 , 455 ) 37
( 437 , 620 ) 9
( 437 , 573 ) 28
( 437 , 446 ) 50
( 438 , 498 ) 19
( 438 , 569 ) 32
( 438 , 222 ) 32
( 439 , 372 ) 46
( 439 , 691 ) 8
( 439 , 595 ) 24
( 440 , 418 ) 43
( 440 , 277 ) 6
( 440 , 167 ) 41
( 441 , 589 ) 22
( 441 , 398 ) 32
( 441 , 691 ) 17
( 442 , 83 ) 35
( 442 , 1 ) 39
( 442 , 526 ) 15
( 443 , 136 ) 7
( 443 , 498 ) 11
( 443 , 397 ) 28
( 444 , 438 ) 14
( 444 , 588 ) 24
( 444 , 183 ) 12
( 445 , 502 ) 39
( 445 , 481 ) 22
( 445 , 649 ) 37
( 446 , 498 ) 25
( 446 , 241 ) 34
( 446 , 542 ) 44
( 447 , 57 ) 17
( 447 , 43 ) 28
( 447 , 665 ) 23
( 448 , 313 ) 12
( 448 , 96 ) 28
( 448 , 392 ) 46
( 449 , 537 ) 25
( 449 , 440 ) 40
( 449 , 225 ) 3
( 450 , 77 ) 7
( 450 , 335 ) 40
( 450 , 270 ) 30
( 451 , 270 ) 49
( 451 , 380 ) 31
( 451 , 438 ) 16
( 452 , 372 ) 31
( 452 , 174 ) 17
( 452 , 523 ) 18
( 453 , 118 ) 37
( 453 , 491 ) 44
( 453 , 65 ) 23
( 454 , 521 ) 14
( 454 , 351 ) 15
( 454 , 279 ) 3
( 455 , 218 ) 20
( 455 , 237 ) 32
( 455 , 684 ) 3
( 456 , 156 ) 16
( 456 , 639 ) 8
( 456 , 254 ) 16
( 457 , 288 ) 37
( 457 , 133 ) 28
( 457 , 402 ) 43
( 458 , 335 ) 11
( 458 , 685 ) 43
( 458 , 661 ) 21
( 459 , 424 ) 37
( 459 , 545 ) 44
( 459 , 264 ) 32
( 460 , 471 ) 28
( 460 , 684 ) 22
( 460 , 650 ) 27
( 461 , 394 ) 34
( 461 , 431 ) 34
( 461 , 327 ) 14
( 462 , 532 ) 30
( 462 , 36 ) 49
( 462 , 613 ) 21
( 463 , 159 ) 48
( 463 , 603 ) 16
( 463 , 500 ) 11
( 464 , 204 ) 21
( 464 , 83 ) 17
( 464 , 284 ) 50
( 465 , 266 ) 43
( 465 , 617 ) 49
( 465 , 232 ) 16
( 466 , 696 ) 20
( 466 , 680 ) 17
( 466 , 253 ) 40
( 467 , 695 ) 4
( 467 , 365 ) 19
( 467 , 183 ) 47
( 468 , 151 ) 20
( 468 , 198 ) 13
( 468 , 423 ) 48
( 469 , 289 ) 37
( 469 , 386 ) 12
( 469 , 50 ) 45
( 470 , 369 ) 50
( 470 , 678 ) 24
( 470 , 675 ) 30
( 471 , 300 ) 22
( 471 , 569 ) 9
( 471 , 175 ) 16
( 472 , 85 ) 27
( 472 , 247 ) 33
( 472 , 447 ) 4
( 473 , 69 ) 37
( 473 , 473 ) 33
( 473 , 416 ) 14
( 474 , 357 ) 21
( 474 , 271 ) 31
( 474 , 29 ) 46
( 475 , 515 ) 12
( 475 , 62 ) 33
( 475 , 622 ) 27
( 476 , 527 ) 27
( 476 , 50 ) 40
( 476 , 585 ) 10
( 477 , 721 ) 35
( 477 , 92 ) 25
( 477 , 168 ) 12
( 478 , 136 ) 41
( 478 , 56 ) 22
( 478 , 199 ) 42
( 479 , 698 ) 22
( 479 , 512 ) 21
( 479 , 232 ) 32
( 480 , 681 ) 13
( 480 , 124 ) 5
( 480 , 275 ) 37
( 481 , 209 ) 36
( 481 , 375 ) 43
( 481 , 87 ) 47
( 482 , 490 ) 47
( 482 , 83 ) 28
( 482 , 218 ) 48
( 483 , 209 ) 1
( 483 , 333 ) 22
( 483 , 74 ) 31
( 484 , 494 ) 44
( 484 , 185 ) 50
( 484 , 273 ) 38
( 485 , 289 ) 5
( 485 , 714 ) 5
( 485 , 498 ) 2
( 486 , 514 ) 39
( 486 , 680 ) 28
( 486 , 271 ) 25
( 487 , 164 ) 12
( 487 , 78 ) 40
( 487 , 694 ) 6
( 488 , 106 ) 33
( 488 , 69 ) 36
( 488 , 640 ) 24
( 489 , 347 ) 22
( 489 , 224 ) 26
( 489 , 42 ) 28
( 490 , 572 ) 29
( 490 , 87 ) 45
( 490 , 352 ) 32
( 491 , 68 ) 48
( 491 , 404 ) 23
( 491 , 513 ) 23
( 492 , 661 ) 17
( 492 , 18 ) 36
( 492 , 31 ) 1
( 493 , 178 ) 14
( 493 , 708 ) 35
( 493 , 50 ) 16
( 494 , 16 ) 31
( 494 , 701 ) 46
( 494 , 67 ) 30
( 495 , 656 ) 27
( 495 , 310 ) 7
( 495 , 371 ) 4
( 496 , 360 ) 12
( 496 , 316 ) 44
( 496 , 422 ) 1
( 497 , 45 ) 24
( 497 , 383 ) 37
( 497 , 721 ) 43
( 498 , 387 ) 26
( 498 , 137 ) 1
( 498 , 454 ) 46
( 499 , 442 ) 32
( 499 , 455 ) 26
( 499 , 456 ) 1
( 500 , 554 ) 14
( 500 , 174 ) 27
( 500 , 43 ) 20
( 501 , 573 ) 21
( 501 , 554 ) 30
( 501 , 302 ) 8
( 502 , 474 ) 46
( 502 , 676 ) 6
( 502 , 164 ) 19
( 503 , 377 ) 28
( 503 , 615 ) 15
( 503 , 208 ) 49
( 504 , 429 ) 10
( 504 , 716 ) 6
( 504 , 394 ) 49
( 505 , 65 ) 14
( 505 , 385 ) 5
( 505 , 376 ) 11
( 506 , 264 ) 34
( 506 , 644 ) 2
( 506 , 483 ) 23
( 507 , 603 ) 48
( 507 , 480 ) 30
( 507 , 309 ) 28
( 508 , 434 ) 34
( 508 , 28 ) 2
( 508 , 266 ) 22
( 509 , 359 ) 18
( 509 , 36 ) 26
( 509 , 220 ) 37
( 510 , 653 ) 22
( 510 , 167 ) 38
( 510 , 372 ) 21
( 511 , 691 ) 32
( 511 , 277 ) 23
( 511 , 607 ) 7
( 512 , 94 ) 32
( 512 , 212 ) 3
( 512 , 590 ) 28
( 513 , 168 ) 38
( 513 , 704 ) 44
( 513 , 481 ) 29
( 514 , 438 ) 1
( 514 , 197 ) 11
( 514 , 641 ) 12
( 515 , 474 ) 34
( 515 , 639 ) 42
( 515 , 310 ) 19
( 516 , 149 ) 46
( 516 , 536 ) 24
( 516 , 129 ) 10
( 517 , 198 ) 36
( 517 , 678 ) 35
( 517 , 223 ) 22
( 518 , 274 ) 4
( 518 , 276 ) 16
( 518 , 191 ) 9
( 519 , 381 ) 50
( 519 , 160 ) 13
( 519 , 207 ) 11
( 520 , 434 ) 38
( 520 , 67 ) 5
( 520 , 577 ) 5
( 521 , 302 ) 4
( 521 , 699 ) 19
( 521 , 696 ) 34
( 522 , 61 ) 39
( 522 , 104 ) 20
( 522 , 201 ) 30
( 523 , 219 ) 50
( 523 , 545 ) 22
( 523 , 298 ) 22
( 524 , 108 ) 44
( 524 , 541 ) 15
( 524 , 119 ) 17
( 525 , 586 ) 26
( 525 , 257 ) 12
( 525 , 344 ) 31
( 526 , 118 ) 10
( 526 , 245 ) 44
( 526 , 553 ) 48
( 527 , 449 ) 1
( 527 , 323 ) 22
( 527 , 616 ) 47
( 528 , 198 ) 16
( 528 , 463 ) 10
( 528 , 388 ) 35
( 529 , 81 ) 20
( 529 , 645 ) 50
( 529 , 160 ) 36
( 530 , 280 ) 15
( 530 , 296 ) 47
( 530 , 657 ) 11
( 531 , 410 ) 25
( 531 , 534 ) 31
( 531 , 609 ) 23
( 532 , 98 ) 10
( 532 , 405 ) 27
( 532 , 709 ) 46
( 533 , 169 ) 37
( 533 , 338 ) 50
( 533 , 437 ) 16
( 534 , 369 ) 49
( 534 , 572 ) 28
( 534 , 306 ) 1
( 535 , 605 ) 6
( 535 , 42 ) 41
( 535 , 14 ) 5
( 536 , 536 ) 17
( 536 , 49 ) 9
( 536 , 226 ) 38
( 537 , 554 ) 4
( 537 , 259 ) 5
( 537 , 467 ) 44
( 538 , 220 ) 29
( 538 , 297 ) 21
( 538 , 137 ) 37
( 539 , 226 ) 34
( 539 , 407 ) 38
( 539 , 58 ) 18
( 540 , 217 ) 1
( 540 , 204 ) 11
( 540 , 381 ) 50
( 541 , 93 ) 29
( 541 , 719 ) 10
( 541 , 491 ) 18
( 542 , 596 ) 26
( 542 , 451 ) 40
( 542 , 246 ) 49
( 543 , 415 ) 8
( 543 , 314 ) 10
( 543 , 63 ) 42
( 544 , 275 ) 3
( 544 , 594 ) 35
( 544 , 583 ) 47
( 545 , 76 ) 10
( 545 , 548 ) 45
( 545 , 188 ) 29
( 546 , 135 ) 50
( 546 , 379 ) 23
( 546 , 316 ) 29
( 547 , 576 ) 15
( 547 , 329 ) 7
( 547 , 84 ) 49
( 548 , 500 ) 13
( 548 , 705 ) 40
( 548 , 237 ) 16
( 549 , 134 ) 50
( 549 , 475 ) 28
( 549 , 68 ) 22
( 550 , 260 ) 23
( 550 , 233 ) 20
( 550 , 517 ) 15
( 551 , 277 ) 4
( 551 , 562 ) 3
( 551 , 286 ) 23
( 552 , 396 ) 45
( 552 , 664 ) 22
( 552 , 379 ) 15
( 553 , 341 ) 10
( 553 , 436 ) 37
( 553 , 249 ) 20
( 554 , 157 ) 46
( 554 , 86 ) 46
( 554 , 203 ) 46
( 555 , 76 ) 7
( 555 , 526 ) 3
( 555 , 467 ) 39
( 556 , 502 ) 45
( 556 , 32 ) 39
( 556 , 52 ) 39
( 557 , 247 ) 40
( 557 , 276 ) 38
( 557 , 262 ) 27
( 558 , 328 ) 1
( 558 , 212 ) 28
( 558 , 703 ) 49
( 559 , 56 ) 40
( 559 , 405 ) 28
( 559 , 598 ) 39
( 560 , 119 ) 25
( 560 , 351 ) 33
( 560 , 260 ) 21
( 561 , 283 ) 38
( 561 , 693 ) 3
( 561 , 490 ) 33
( 562 , 688 ) 9
( 562 , 304 ) 15
( 562 , 467 ) 50
( 563 , 246 ) 9
( 563 , 646 ) 23
( 563 , 409 ) 23
( 564 , 194 ) 28
( 564 , 468 ) 23
( 564 , 553 ) 32
( 565 , 267 ) 49
( 565 , 659 ) 7
( 565 , 725 ) 17
( 566 , 683 ) 3
( 566 , 175 ) 18
( 566 , 257 ) 30
( 567 , 419 ) 27
( 567 , 449 ) 16
( 567 , 96 ) 33
( 568 , 601 ) 50
( 568 , 711 ) 43
( 568 , 393 ) 21
( 569 , 513 ) 7
( 569 , 568 ) 26
( 569 , 95 ) 48
( 570 , 410 ) 34
( 570 , 397 ) 42
( 570 , 506 ) 14
( 571 , 175 ) 7
( 571 , 263 ) 27
( 571 , 199 ) 19
( 572 , 281 ) 3
( 572 , 680 ) 43
( 572 , 167 ) 2
( 573 , 144 ) 40
( 573 , 670 ) 4
( 573 , 281 ) 32
( 574 , 284 ) 42
( 574 , 365 ) 21
( 574 , 233 ) 25
( 575 , 559 ) 11
( 575 , 596 ) 38
( 575 , 213 ) 13
( 576 , 340 ) 26
( 576 , 542 ) 14
( 576 , 429 ) 21
( 577 , 53 ) 49
( 577 , 174 ) 18
( 577 , 594 ) 47
( 578 , 215 ) 9
( 578 , 678 ) 29
( 578 , 513 ) 2
( 579 , 373 ) 25
( 579 , 387 ) 32
( 579 , 177 ) 36
( 580 , 289 ) 2
( 580 , 442 ) 16
( 580 , 358 ) 42
( 581 , 77 ) 33
( 581 , 544 ) 27
( 581 , 627 ) 23
( 582 , 582 ) 2
( 582 , 423 ) 41
( 582 , 541 ) 23
( 583 , 229 ) 50
( 583 , 211 ) 19
( 583 , 1 ) 33
( 584 , 364 ) 3
( 584 , 88 ) 30
( 584 , 92 ) 12
( 585 , 340 ) 31
( 585 , 80 ) 48
( 585 , 463 ) 12
( 586 , 526 ) 8
( 586 , 607 ) 3
( 586 , 548 ) 50
( 587 , 639 ) 32
( 587 , 248 ) 8
( 587 , 27 ) 22
( 588 , 268 ) 40
( 588 , 148 ) 9
( 588 , 7 ) 45
( 589 , 284 ) 36
( 589 , 270 ) 35
( 589 , 47 ) 3
( 590 , 442 ) 2
( 590 , 236 ) 14
( 590 , 296 ) 9
( 591 , 449 ) 12
( 591 , 628 ) 41
( 591 , 531 ) 18
( 592 , 250 ) 16
( 592 , 80 ) 20
( 592 , 419 ) 27
( 593 , 178 ) 48
( 593 , 242 ) 38
( 593 , 320 ) 4
( 594 , 266 ) 11
( 594 , 454 ) 28
( 594 , 709 ) 28
( 595 , 18 ) 41
( 595 , 379 ) 26
( 595 , 117 ) 7
( 596 , 486 ) 15
( 596 , 324 ) 39
( 596 , 241 ) 8
( 597 , 365 ) 34
( 597 , 708 ) 18
( 597 , 439 ) 21
( 598 , 208 ) 37
( 598 , 259 ) 22
( 598 , 283 ) 45
( 599 , 514 ) 50
( 599 , 208 ) 19
( 599 , 430 ) 32
( 600 , 477 ) 17
( 600 , 371 ) 23
( 600 , 422 ) 29
( 601 , 610 ) 8
( 601 , 15 ) 6
( 601 , 540 ) 8
( 602 , 559 ) 19
( 602 , 119 ) 17
( 602 , 644 ) 32
( 603 , 314 ) 40
( 603 , 86 ) 15
( 603 , 676 ) 37
( 604 , 682 ) 37
( 604 , 447 ) 36
( 604 , 85 ) 46
( 605 , 387 ) 11
( 605 , 297 ) 24
( 605 , 43 ) 19
( 606 , 450 ) 9
( 606 , 482 ) 9
( 606 , 211 ) 16
( 607 , 82 ) 33
( 607 , 674 ) 2
( 607 , 171 ) 34
( 608 , 629 ) 40
( 608 , 363 ) 34
( 608 , 65 ) 45
( 609 , 637 ) 19
( 609 , 159 ) 31
( 609 , 516 ) 46
( 610 , 53 ) 21
( 610 , 66 ) 25
( 610 , 665 ) 22
( 611 , 32 ) 48
( 611 , 535 ) 32
( 611 , 181 ) 48
( 612 , 681 ) 37
( 612 , 721 ) 4
( 612 , 566 ) 2
( 613 , 390 ) 6
( 613 , 321 ) 25
( 613 , 466 ) 27
( 614 , 168 ) 43
( 614 , 409 ) 19
( 614 , 668 ) 45
( 615 , 336 ) 27
( 615 , 571 ) 44
( 615 , 342 ) 49
( 616 , 361 ) 7
( 616 , 555 ) 3
( 616 , 723 ) 35
( 617 , 488 ) 11
( 617 , 5 ) 33
( 617 , 609 ) 24
( 618 , 300 ) 3
( 618 , 361 ) 2
( 618 , 501 ) 42
( 619 , 487 ) 2
( 619 , 651 ) 18
( 619 , 556 ) 18
( 620 , 368 ) 16
( 620 , 128 ) 36
( 620 , 581 ) 15
( 621 , 51 ) 12
( 621 , 54 ) 23
( 621 , 322 ) 8
( 622 , 567 ) 43
( 622 , 291 ) 20
( 622 , 224 ) 17
( 623 , 687 ) 20
( 623 , 27 ) 11
( 623 , 506 ) 20
( 624 , 302 ) 48
( 624 , 131 ) 5
( 624 , 287 ) 41
( 625 , 514 ) 40
( 625 , 39 ) 17
( 625 , 134 ) 25
( 626 , 58 ) 41
( 626 , 586 ) 27
( 626 , 186 ) 5
( 627 , 103 ) 13
( 627 , 431 ) 30
( 627 , 230 ) 19
( 628 , 162 ) 22
( 628 , 388 ) 5
( 628 , 54 ) 45
( 629 , 197 ) 18
( 629 , 94 ) 35
( 629 , 579 ) 27
( 630 , 266 ) 44
( 630 , 634 ) 38
( 630 , 197 ) 13
( 631 , 399 ) 9
( 631 , 336 ) 28
( 631 , 26 ) 32
( 632 , 287 ) 7
( 632 , 656 ) 31
( 632 , 36 ) 28
( 633 , 550 ) 23
( 633 , 569 ) 21
( 633 , 517 ) 43
( 634 , 47 ) 35
( 634 , 520 ) 33
( 634 , 641 ) 49
( 635 , 668 ) 1
( 635 , 334 ) 5
( 635 , 251 ) 27
( 636 , 443 ) 14
( 636 , 335 ) 12
( 636 , 103 ) 4
( 637 , 315 ) 47
( 637 , 277 ) 17
( 637 , 500 ) 21
( 638 , 720 ) 19
( 638 , 257 ) 27
( 638 , 590 ) 2
( 639 , 365 ) 18
( 639 , 523 ) 25
( 639 , 16 ) 14
( 640 , 294 ) 26
( 640 , 677 ) 41
( 640 , 433 ) 27
( 641 , 378 ) 33
( 641 , 42 ) 38
( 641 , 575 ) 7
( 642 , 319 ) 1
( 642 , 86 ) 31
( 642 , 622 ) 28
( 643 , 178 ) 16
( 643 , 224 ) 39
( 643 , 149 ) 38
( 644 , 416 ) 27
( 644 , 562 ) 24
( 644 , 697 ) 48
( 645 , 325 ) 36
( 645 , 170 ) 32
( 645 , 141 ) 6
( 646 , 587 ) 48
( 646 , 101 ) 10
( 646 , 262 ) 7
( 647 , 355 ) 5
( 647 , 571 ) 36
( 647 , 489 ) 27
( 648 , 721 ) 38
( 648 , 294 ) 49
( 648 , 93 ) 9
( 649 , 589 ) 24
( 649 , 163 ) 9
( 649 , 372 ) 29
( 650 , 528 ) 40
( 650 , 539 ) 3
( 650 , 251 ) 43
( 651 , 585 ) 47
( 651 , 217 ) 6
( 651 , 331 ) 23
( 652 , 649 ) 9
( 652 , 209 ) 2
( 652 , 531 ) 46
( 653 , 673 ) 18
( 653 , 516 ) 11
( 653 , 525 ) 8
( 654 , 573 ) 6
( 654 , 84 ) 31
( 654 , 267 ) 47
( 655 , 209 ) 49
( 655 , 204 ) 22
( 655 , 10 ) 16
( 656 , 403 ) 47
( 656 , 677 ) 28
( 656 , 284 ) 14
( 657 , 15 ) 17
( 657 , 490 ) 38
( 657 , 690 ) 17
( 658 , 104 ) 39
( 658 , 228 ) 34
( 658 , 453 ) 16
( 659 , 570 ) 33
( 659 , 426 ) 42
( 659 , 316 ) 2
( 660 , 248 ) 13
( 660 , 622 ) 28
( 660 , 657 ) 4
( 661 , 644 ) 16
( 661 , 121 ) 26
( 661 , 342 ) 26
( 662 , 413 ) 34
( 662 , 654 ) 13
( 662 , 266 ) 40
( 663 , 4 ) 50
( 663 , 590 ) 41
( 663 , 388 ) 2
( 664 , 646 ) 40
( 664 , 39 ) 37
( 664 , 179 ) 15
( 665 , 310 ) 20
( 665 , 169 ) 27
( 665 , 576 ) 38
( 666 , 96 ) 14
( 666 , 159 ) 27
( 666 , 171 ) 44
( 667 , 336 ) 28
( 667 , 391 ) 50
( 667 , 401 ) 44
( 668 , 237 ) 30
( 668 , 26 ) 46
( 668 , 680 ) 32
( 669 , 568 ) 38
( 669 , 327 ) 29
( 669 , 606 ) 29
( 670 , 296 ) 26
( 670 , 225 ) 2
( 670 , 521 ) 1
( 671 , 331 ) 45
( 671 , 424 ) 33
( 671 , 285 ) 33
( 672 , 403 ) 4
( 672 , 445 ) 48
( 672 , 50 ) 49
( 673 , 544 ) 4
( 673 , 364 ) 45
( 673 , 280 ) 10
( 674 , 461 ) 27
( 674 , 440 ) 27
( 674 , 544 ) 41
( 675 , 321 ) 32
( 675 , 709 ) 15
( 675 , 440 ) 4
( 676 , 5 ) 45
( 676 , 209 ) 42
( 676 , 58 ) 13
( 677 , 170 ) 11
( 677 , 258 ) 25
( 677 , 481 ) 31
( 678 , 111 ) 35
( 678 , 555 ) 1
( 678 , 421 ) 23
( 679 , 315 ) 43
( 679 , 250 ) 16
( 679 , 665 ) 40
( 680 , 8 ) 43
( 680 , 27 ) 42
( 680 , 11 ) 22
( 681 , 136 ) 14
( 681 , 87 ) 24
( 681 , 368 ) 22
( 682 , 416 ) 42
( 682 , 602 ) 18
( 682 , 522 ) 34
( 683 , 203 ) 45
( 683 , 651 ) 20
( 683 , 163 ) 18
( 684 , 614 ) 8
( 684 , 283 ) 37
( 684 , 453 ) 17
( 685 , 84 ) 35
( 685 , 86 ) 17
( 685 , 552 ) 39
( 686 , 566 ) 40
( 686 , 319 ) 32
( 686 , 515 ) 43
( 687 , 299 ) 16
( 687 , 159 ) 25
( 687 , 553 ) 23
( 688 , 262 ) 41
( 688 , 705 ) 43
( 688 , 448 ) 15
( 689 , 120 ) 36
( 689 , 230 ) 9
( 689 , 284 ) 36
( 690 , 62 ) 9
( 690 , 714 ) 41
( 690 , 349 ) 37
( 691 , 337 ) 27
( 691 , 371 ) 1
( 691 , 105 ) 49
( 692 , 44 ) 4
( 692 , 677 ) 22
( 692 , 183 ) 10
( 693 , 55 ) 3
( 693 , 360 ) 44
( 693 , 112 ) 34
( 694 , 552 ) 19
( 694 , 54 ) 25
( 694 , 338 ) 44
( 695 , 295 ) 39
( 695 , 530 ) 19
( 695 , 528 ) 20
( 696 , 258 ) 25
( 696 , 108 ) 38
( 696 , 613 ) 23
( 697 , 325 ) 3
( 697 , 88 ) 1
( 697 , 123 ) 28
( 698 , 85 ) 41
( 698 , 52 ) 18
( 698 , 128 ) 42
( 699 , 145 ) 26
( 699 , 603 ) 2
( 699 , 615 ) 42
( 700 , 543 ) 29
( 700 , 351 ) 9
( 700 , 327 ) 49
( 701 , 675 ) 27
( 701 , 360 ) 8
( 701 , 394 ) 2
( 702 , 263 ) 23
( 702 , 646 ) 10
( 702 , 339 ) 12
( 703 , 705 ) 3
( 703 , 276 ) 37
( 703 , 475 ) 34
( 704 , 35 ) 6
( 704 , 248 ) 50
( 704 , 511 ) 34
( 705 , 489 ) 30
( 705 , 663 ) 35
( 705 , 327 ) 5
( 706 , 310 ) 29
( 706 , 373 ) 43
( 706 , 246 ) 18
( 707 , 284 ) 8
( 707 , 712 ) 28
( 707 , 340 ) 32
( 708 , 265 ) 48
( 708 , 141 ) 30
( 708 , 597 ) 15
( 709 , 634 ) 18
( 709 , 293 ) 13
( 709 , 546 ) 36
( 710 , 198 ) 25
( 710 , 187 ) 47
( 710 , 511 ) 38
( 711 , 8 ) 27
( 711 , 726 ) 18
( 711 , 14 ) 14
( 712 , 52 ) 3
( 712 , 243 ) 9
( 712 , 449 ) 15
( 713 , 430 ) 24
( 713 , 534 ) 47
( 713 , 323 ) 30
( 714 , 282 ) 35
( 714 , 321 ) 9
( 714 , 120 ) 35
( 715 , 342 ) 9
( 715 , 360 ) 2
( 715 , 517 ) 16
( 716 , 184 ) 48
( 716 , 625 ) 42
( 716 , 487 ) 6
( 717 , 99 ) 29
( 717 , 345 ) 2
( 717 , 569 ) 32
( 718 , 343 ) 25
( 718 , 703 ) 22
( 718 , 92 ) 27
( 719 , 360 ) 41
( 719 , 727 ) 21
( 719 , 276 ) 29
( 720 , 701 ) 20
( 720 , 351 ) 36
( 720 , 508 ) 31
( 721 , 394 ) 49
( 721 , 357 ) 12
( 721 , 441 ) 23
( 722 , 11 ) 5
( 722 , 113 ) 21
( 722 , 663 ) 18
( 723 , 201 ) 17
( 723 , 583 ) 31
( 723 , 588 ) 16
( 724 , 541 ) 47
( 724 , 511 ) 27
( 724 , 716 ) 4
( 725 , 41 ) 25
( 725 , 3 ) 20
( 725 , 506 ) 29
( 726 , 164 ) 10
( 726 , 411 ) 41
( 726 , 681 ) 46
( 727 , 472 ) 6
( 727 , 641 ) 45
( 727 , 456 ) 38
( 728 , 394 ) 31
( 728 , 30 ) 35
( 728 , 59 ) 48
( 729 , 571 ) 18
( 729 , 417 ) 16
( 729 , 476 ) 48
