( 1 , 510 ) 11
( 1 , 592 ) 48
( 1 , 58 ) 4
( 1 , 662 ) 24
( 2 , 439 ) 23
( 2 , 216 ) 42
( 2 , 414 ) 31
( 2 , 303 ) 49
( 3 , 372 ) 40
( 3 , 54 ) 23
( 3 , 616 ) 43
( 3 , 553 ) 25
( 4 , 692 ) 4
( 4 , 729 ) 38
( 4 , 305 ) 31
( 4 , 509 ) 9
( 5 , 693 ) 48
( 5 , 201 ) 13
( 5 , 618 ) 48
( 5 , 437 ) 37
( 6 , 729 ) 20
( 6 , 9 ) 39
( 6 , 172 ) 39
( 6 , 557 ) 39
( 7 , 617 ) 19
( 7 , 148 ) 29
( 7 , 48 ) 7
( 7 , 656 ) 40
( 8 , 466 ) 11
( 8 , 703 ) 11
( 8 , 97 ) 28
( 8 , 69 ) 10
( 9 , 603 ) 27
( 9 , 112 ) 48
( 9 , 152 ) 25
( 9 , 697 ) 24
( 10 , 678 ) 33
( 10 , 615 ) 18
( 10 , 455 ) 45
( 10 , 65 ) 27
( 11 , 275 ) 10
( 11 , 676 ) 45
( 11 , 663 ) 26
( 11 , 527 ) 27
( 12 , 336 ) 23
( 12 , 172 ) 18
( 12 , 489 ) 26
( 12 , 8 ) 21
( 13 , 635 ) 1
( 13 , 52 ) 35
( 13 , 487 ) 37
( 13 , 117 ) 49
( 14 , 243 ) 28
( 14 , 379 ) 45
( 14 , 528 ) 42
( 14 , 52 ) 11
( 15 , 565 ) 28
( 15 , 525 ) 44
( 15 , 181 ) 39
( 15 , 282 ) 24
( 16 , 152 ) 19
( 16 , 702 ) 1
( 16 , 51 ) 8
( 16 , 461 ) 39
( 17 , 608 ) 21
( 17 , 106 ) 43
( 17 , 375 ) 3
( 17 , 407 ) 19
( 18 , 403 ) 17
( 18 , 446 ) 5
( 18 , 376 ) 1
( 18 , 256 ) 7
( 19 , 49 ) 25
( 19 , 397 ) 22
( 19 , 569 ) 21
( 19 , 236 ) 15
( 20 , 568 ) 43
( 20 , 648 ) 21
( 20 , 105 ) 2
( 20 , 193 ) 50
( 21 , 13 ) 14
( 21 , 209 ) 10
( 21 , 662 ) 44
( 21 , 447 ) 4
( 22 , 210 ) 24
( 22 , 208 ) 38
( 22 , 583 ) 24
( 22 , 614 ) 3
( 23 , 573 ) 23
( 23 , 78 ) 27
( 23 , 211 ) 2
( 23 , 23 ) 28
( 24 , 490 ) 46
( 24 , 439 ) 12
( 24 , 501 ) 12
( 24 , 238 ) 39
( 25 , 96 ) 22
( 25 , 35 ) 26
( 25 , 35 ) 2
( 25 , 623 ) 31
( 26 , 542 ) 14
( 26 , 180 ) 18
( 26 , 190 ) 22
( 26 , 456 ) 1
( 27 , 521 ) 13
( 27 , 552 ) 26
( 27 , 170 ) 10
( 27 , 162 ) 5
( 28 , 542 ) 44
( 28 , 92 ) 24
( 28 , 307 ) 9
( 28 , 369 ) 34
( 29 , 138 ) 11
( 29 , 382 ) 4
( 29 , 662 ) 42
( 29 , 133 ) 30
( 30 , 310 ) 35
( 30 , 724 ) 24
( 30 , 409 ) 2
( 30 , 578 ) 46
( 31 , 180 ) 40
( 31 , 352 ) 9
( 31 , 147 ) 33
( 31 , 606 ) 26
( 32 , 149 ) 32
( 32 , 243 ) 30
( 32 , 621 ) 20
( 32 , 370 ) 27
( 33 , 517 ) 44
( 33 , 437 ) 39
( 33 , 360 ) 43
( 33 , 373 ) 31
( 34 , 217 ) 9
( 34 , 487 ) 22
( 34 , 179 ) 30
( 34 , 592 ) 17
( 35 , 674 ) 50
( 35 , 669 ) 13
( 35 , 374 ) 5
( 35 , 586 ) 27
( 36 , 561 ) 13
( 36 , 464 ) 22
( 36 , 409 ) 36
( 36 , 258 ) 49
( 37 , 447 ) 46
( 37 , 513 ) 35
( 37 , 427 ) 8
( 37 , 637 ) 39
( 38 , 567 ) 23
( 38 , 1 ) 12
( 38 , 536 ) 39
( 38 , 118 ) 46
( 39 , 693 ) 46
( 39 , 282 ) 2
( 39 , 379 ) 4
( 39 , 262 ) 45
( 40 , 372 ) 19
( 40 , 64 ) 43
( 40 , 627 ) 25
( 40 , 25 ) 16
( 41 , 57 ) 35
( 41 , 7 ) 26
( 41 , 694 ) 7
( 41 , 452 ) 40
( 42 , 392 ) 21
( 42 , 381 ) 49
( 42 , 280 ) 18
( 42 , 356 ) 1
( 43 , 568 ) 47
( 43 , 663 ) 20
( 43 , 289 ) 36
( 43 , 568 ) 35
( 44 , 583 ) 29
( 44 , 389 ) 9
( 44 , 106 ) 18
( 44 , 622 ) 16
( 45 , 683 ) 26
( 45 , 202 ) 38
( 45 , 207 ) 32
( 45 , 49 ) 28
( 46 , 586 ) 16
( 46 , 105 ) 25
( 46 , 345 ) 19
( 46 , 407 ) 3
( 47 , 232 ) 12
( 47 , 30 ) 20
( 47 , 149 ) 35
( 47 , 448 ) 8
( 48 , 450 ) 48
( 48 , 229 ) 20
( 48 , 389 ) 38
( 48 , 135 ) 5
( 49 , 128 ) 10
( 49 , 11 ) 44
( 49 , 40 ) 28
( 49 , 581 ) 46
( 50 , 153 ) 25
( 50 , 569 ) 16
( 50 , 121 ) 25
( 50 , 331 ) 44
( 51 , 643 ) 29
( 51 , 63 ) 20
( 51 , 22 ) 15
( 51 , 314 ) 10
( 52 , 181 ) 10
( 52 , 371 ) 13
( 52 , 169 ) 39
( 52 , 454 ) 42
( 53 , 281 ) 39
( 53 , 232 ) 29
( 53 , 633 ) 42
( 53 , 447 ) 26
( 54 , 467 ) 12
( 54 , 533 ) 3
( 54 , 404 ) 7
( 54 , 200 ) 20
( 55 , 140 ) 18
( 55 , 719 ) 44
( 55 , 577 ) 49
( 55 , 48 ) 41
( 56 , 240 ) 27
( 56 , 650 ) 30
( 56 , 121 ) 2
( 56 , 598 ) 6
( 57 , 338 ) 48
( 57 , 640 ) 22
( 57 , 696 ) 6
( 57 , 207 ) 18
( 58 , 428 ) 20
( 58 , 29 ) 4
( 58 , 369 ) 39
( 58 , 208 ) 9
( 59 , 231 ) 24
( 59 , 240 ) 17
( 59 , 209 ) 24
( 59 , 380 ) 18
( 60 , 4 ) 22
( 60 , 566 ) 47
( 60 , 257 ) 3
( 60 , 515 ) 15
( 61 , 555 ) 26
( 61 , 164 ) 44
( 61 , 496 ) 29
( 61 , 688 ) 11
( 62 , 543 ) 4
( 62 , 323 ) 38
( 62 , 18 ) 49
( 62 , 708 ) 14
( 63 , 612 ) 4
( 63 , 249 ) 36
( 63 , 177 ) 50
( 63 , 594 ) 1
( 64 , 528 ) 12
( 64 , 198 ) 27
( 64 , 422 ) 13
( 64 , 197 ) 19
( 65 , 679 ) 13
( 65 , 244 ) 16
( 65 , 208 ) 44
( 65 , 508 ) 11
( 66 , 339 ) 45
( 66 , 233 ) 29
( 66 , 614 ) 18
( 66 , 680 ) 22
( 67 , 502 ) 9
( 67 , 688 ) 18
( 67 , 267 ) 40
( 67 , 207 ) 28
( 68 , 319 ) 30
( 68 , 711 ) 38
( 68 , 449 ) 13
( 68 , 528 ) 26
( 69 , 135 ) 24
( 69 , 17 ) 1
( 69 , 539 ) 1
( 69 , 664 ) 45
( 70 , 147 ) 21
( 70 , 503 ) 3
( 70 , 522 ) 29
( 70 , 647 ) 5
( 71 , 150 ) 1
( 71 , 508 ) 28
( 71 , 104 ) 9
( 71 , 243 ) 30
( 72 , 330 ) 31
( 72 , 241 ) 14
( 72 , 84 ) 47
( 72 , 249 ) 25
( 73 , 28 ) 36
( 73 , 473 ) 38
( 73 , 70 ) 41
( 73 , 55 ) 28
( 74 , 84 ) 20
( 74 , 158 ) 23
( 74 , 101 ) 19
( 74 , 562 ) 43
( 75 , 58 ) 25
( 75 , 626 ) 43
( 75 , 722 ) 43
( 75 , 387 ) 4
( 76 , 389 ) 35
( 76 , 234 ) 30
( 76 , 442 ) 3
( 76 , 525 ) 29
( 77 , 336 ) 5
( 77 , 154 ) 32
( 77 , 208 ) 1
( 77 , 689 ) 43
( 78 , 379 ) 9
( 78 , 186 ) 39
( 78 , 531 ) 12
( 78 , 501 ) 30
( 79 , 370 ) 29
( 79 , 163 ) 34
( 79 , 257 ) 15
( 79 , 449 ) 36
( 80 , 544 ) 4
( 80 , 417 ) 44
( 80 , 399 ) 32
( 80 , 305 ) 4
( 81 , 566 ) 15
( 81 , 331 ) 13
( 81 , 51 ) 13
( 81 , 138 ) 42
( 82 , 245 ) 49
( 82 , 549 ) 3
( 82 , 608 ) 48
( 82 , 622 ) 49
( 83 , 69 ) 48
( 83 , 278 ) 14
( 83 , 371 ) 47
( 83 , 361 ) 30
( 84 , 445 ) 1
( 84 , 331 ) 1
( 84 , 240 ) 46
( 84 , 193 ) 34
( 85 , 555 ) 43
( 85 , 556 ) 39
( 85 , 173 ) 21
( 85 , 655 ) 15
( 86 , 573 ) 13
( 86 , 290 ) 36
( 86 , 573 ) 45
( 86 , 442 ) 4
( 87 , 541 ) 39
( 87 , 375 ) 14
( 87 , 372 ) 38
( 87 , 174 ) 30
( 88 , 113 ) 43
( 88 , 637 ) 19
( 88 , 123 ) 31
( 88 , 186 ) 39
( 89 , 440 ) 46
( 89 , 83 ) 34
( 89 , 262 ) 28
( 89 , 93 ) 22
( 90 , 326 ) 17
( 90 , 344 ) 31
( 90 , 578 ) 13
( 90 , 366 ) 17
( 91 , 593 ) 24
( 91 , 323 ) 20
( 91 , 396 ) 15
( 91 , 719 ) 26
( 92 , 481 ) 12
( 92 , 391 ) 32
( 92 , 231 ) 7
( 92 , 366 ) 10
( 93 , 611 ) 43
( 93 , 129 ) 41
( 93 , 719 ) 19
( 93 , 146 ) 42
( 94 , 295 ) 27
( 94 , 693 ) 19
( 94 , 31 ) 10
( 94 , 226 ) 31
( 95 , 128 ) 50
( 95 , 462 ) 2
( 95 , 418 ) 32
( 95 , 144 ) 33
( 96 , 662 ) 19
( 96 , 464 ) 11
( 96 , 621 ) 35
( 96 , 171 ) 27
( 97 , 335 ) 29
( 97 , 193 ) 25
( 97 , 399 ) 21
( 97 , 406 ) 40
( 98 , 107 ) 31
( 98 , 326 ) 43
( 98 , 404 ) 4
( 98 , 598 ) 41
( 99 , 654 ) 11
( 99 , 252 ) 50
( 99 , 324 ) 42
( 99 , 214 ) 36
( 100 , 32 ) 1
( 100 , 153 ) 14
( 100 , 569 ) 7
( 100 , 693 ) 16
( 101 , 667 ) 28
( 101 , 276 ) 38
( 101 , 254 ) 39
( 101 , 550 ) 19
( 102 , 375 ) 47
( 102 , 162 ) 26
( 102 , 163 ) 5
( 102 , 27 ) 13
( 103 , 439 ) 12
( 103 , 203 ) 41
( 103 , 714 ) 4
( 103 , 703 ) 23
( 104 , 481 ) 24
( 104 , 611 ) 36
( 104 , 685 ) 6
( 104 , 156 ) 14
( 105 , 660 ) 24
( 105 , 121 ) 48
( 105 , 535 ) 41
( 105 , 414 ) 49
( 106 , 588 ) 7
( 106 , 127 ) 3
( 106 , 715 ) 25
( 106 , 133 ) 49
( 107 , 271 ) 20
( 107 , 672 ) 24
( 107 , 681 ) 8
( 107 , 52 ) 14
( 108 , 515 ) 1
( 108 , 577 ) 27
( 108 , 108 ) 15
( 108 , 514 ) 6
( 109 , 467 ) 34
( 109 , 668 ) 47
( 109 , 597 ) 21
( 109 , 685 ) 7
( 110 , 455 ) 18
( 110 , 689 ) 33
( 110 , 387 ) 14
( 110 , 363 ) 36
( 111 , 357 ) 27
( 111 , 337 ) 32
( 111 , 612 ) 7
( 111 , 429 ) 22
( 112 , 391 ) 17
( 112 , 643 ) 35
( 112 , 112 ) 23
( 112 , 310 ) 34
( 113 , 568 ) 15
( 113 , 443 ) 28
( 113 , 476 ) 22
( 113 , 641 ) 37
( 114 , 90 ) 35
( 114 , 563 ) 43
( 114 , 410 ) 36
( 114 , 394 ) 32
( 115 , 580 ) 26
( 115 , 457 ) 32
( 115 , 190 ) 28
( 115 , 517 ) 9
( 116 , 8 ) 26
( 116 , 558 ) 31
( 116 , 387 ) 50
( 116 , 282 ) 22
( 117 , 212 ) 3
( 117 , 594 ) 20
( 117 , 118 ) 43
( 117 , 445 ) 37
( 118 , 558 ) 21
( 118 , 350 ) 47
( 118 , 468 ) 17
( 118 , 681 ) 17
( 119 , 425 ) 32
( 119 , 607 ) 35
( 119 , 429 ) 29
( 119 , 468 ) 41
( 120 , 176 ) 39
( 120 , 505 ) 41
( 120 , 611 ) 28
( 120 , 565 ) 34
( 121 , 470 ) 49
( 121 , 583 ) 40
( 121 , 222 ) 14
( 121 , 385 ) 8
( 122 , 341 ) 18
( 122 , 502 ) 29
( 122 , 193 ) 42
( 122 , 269 ) 21
( 123 , 292 ) 39
( 123 , 175 ) 14
( 123 , 107 ) 12
( 123 , 630 ) 37
( 124 , 655 ) 28
( 124 , 329 ) 7
( 124 , 372 ) 17
( 124 , 720 ) 2
( 125 , 449 ) 7
( 125 , 344 ) 7
( 125 , 598 ) 28
( 125 , 142 ) 4
( 126 , 365 ) 15
( 126 , 444 ) 25
( 126 , 552 ) 28
( 126 , 697 ) 9
( 127 , 219 ) 42
( 127 , 404 ) 48
( 127 , 174 ) 42
( 127 , 52 ) 5
( 128 , 658 ) 30
( 128 , 492 ) 8
( 128 , 593 ) 33
( 128 , 434 ) 28
( 129 , 355 ) 4
( 129 , 313 ) 44
( 129 , 309 ) 2
( 129 , 172 ) 33
( 130 , 429 ) 8
( 130 , 69 ) 26
( 130 , 309 ) 33
( 130 , 488 ) 38
( 131 , 467 ) 22
( 131 , 123 ) 38
( 131 , 651 ) 26
( 131 , 673 ) 17
( 132 , 535 ) 22
( 132 , 355 ) 45
( 132 , 69 ) 30
( 132 , 130 ) 2
( 133 , 577 ) 35
( 133 , 666 ) 44
( 133 , 482 ) 2
( 133 , 435 ) 21
( 134 , 592 ) 12
( 134 , 467 ) 41
( 134 , 366 ) 13
( 134 , 585 ) 14
( 135 , 280 ) 43
( 135 , 125 ) 18
( 135 , 200 ) 17
( 135 , 291 ) 2
( 136 , 164 ) 14
( 136 , 550 ) 7
( 136 , 311 ) 50
( 136 , 505 ) 14
( 137 , 488 ) 46
( 137 , 552 ) 34
( 137 , 44 ) 3
( 137 , 139 ) 15
( 138 , 514 ) 28
( 138 , 317 ) 16
( 138 , 40 ) 34
( 138 , 558 ) 15
( 139 , 546 ) 30
( 139 , 176 ) 28
( 139 , 198 ) 13
( 139 , 397 ) 28
( 140 , 372 ) 23
( 140 , 719 ) 28
( 140 , 668 ) 13
( 140 , 3 ) 44
( 141 , 413 ) 8
( 141 , 428 ) 13
( 141 , 19 ) 8
( 141 , 106 ) 50
( 142 , 189 ) 26
( 142 , 261 ) 35
( 142 , 94 ) 5
( 142 , 137 ) 19
( 143 , 223 ) 19
( 143 , 584 ) 9
( 143 , 515 ) 24
( 143 , 491 ) 44
( 144 , 207 ) 49
( 144 , 281 ) 4
( 144 , 362 ) 37
( 144 , 255 ) 40
( 145 , 204 ) 40
( 145 , 416 ) 17
( 145 , 654 ) 33
( 145 , 663 ) 10
( 146 , 523 ) 47
( 146 , 607 ) 34
( 146 , 435 ) 16
( 146 , 555 ) 25
( 147 , 132 ) 43
( 147 , 630 ) 7
( 147 , 313 ) 38
( 147 , 48 ) 24
( 148 , 394 ) 49
( 148 , 504 ) 31
( 148 , 716 ) 17
( 148 , 23 ) 3
( 149 , 84 ) 33
( 149 , 414 ) 34
( 149 , 608 ) 20
( 149 , 615 ) 19
( 150 , 603 ) 33
( 150 , 52 ) 32
( 150 , 229 ) 1
( 150 , 255 ) 39
( 151 , 625 ) 7
( 151 , 63 ) 34
( 151 , 52 ) 4
( 151 , 268 ) 6
( 152 , 571 ) 28
( 152 , 322 ) 7
( 152 , 195 ) 8
( 152 , 344 ) 4
( 153 , 533 ) 47
( 153 , 59 ) 4
( 153 , 718 ) 42
( 153 , 424 ) 37
( 154 , 578 ) 1
( 154 , 606 ) 25
( 154 , 703 ) 21
( 154 , 22 ) 49
( 155 , 86 ) 35
( 155 , 595 ) 43
( 155 , 177 ) 48
( 155 , 179 ) 35
( 156 , 595 ) 49
( 156 , 558 ) 17
( 156 , 675 ) 11
( 156 , 261 ) 17
( 157 , 138 ) 48
( 157 , 185 ) 40
( 157 , 310 ) 32
( 157 , 708 ) 9
( 158 , 90 ) 30
( 158 , 410 ) 39
( 158 , 153 ) 33
( 158 , 693 ) 46
( 159 , 260 ) 8
( 159 , 69 ) 6
( 159 , 278 ) 8
( 159 , 422 ) 27
( 160 , 620 ) 40
( 160 , 276 ) 34
( 160 , 445 ) 22
( 160 , 287 ) 20
( 161 , 6 ) 17
( 161 , 710 ) 37
( 161 , 43 ) 33
( 161 , 676 ) 18
( 162 , 570 ) 10
( 162 , 294 ) 23
( 162 , 434 ) 21
( 162 , 381 ) 9
( 163 , 121 ) 18
( 163 , 404 ) 28
( 163 , 624 ) 2
( 163 , 232 ) 29
( 164 , 476 ) 21
( 164 , 618 ) 29
( 164 , 550 ) 13
( 164 , 403 ) 26
( 165 , 46 ) 11
( 165 , 526 ) 31
( 165 , 523 ) 2
( 165 , 352 ) 33
( 166 , 135 ) 28
( 166 , 102 ) 12
( 166 , 432 ) 32
( 166 , 167 ) 6
( 167 , 472 ) 4
( 167 , 380 ) 5
( 167 , 51 ) 43
( 167 , 532 ) 49
( 168 , 176 ) 9
( 168 , 126 ) 35
( 168 , 562 ) 23
( 168 , 672 ) 19
( 169 , 420 ) 30
( 169 , 411 ) 42
( 169 , 123 ) 5
( 169 , 719 ) 23
( 170 , 4 ) 47
( 170 , 143 ) 28
( 170 , 331 ) 41
( 170 , 521 ) 37
( 171 , 259 ) 17
( 171 , 663 ) 49
( 171 , 70 ) 19
( 171 , 69 ) 41
( 172 , 29 ) 33
( 172 , 75 ) 14
( 172 , 38 ) 11
( 172 , 516 ) 37
( 173 , 244 ) 7
( 173 , 230 ) 10
( 173 , 39 ) 38
( 173 , 587 ) 49
( 174 , 343 ) 23
( 174 , 428 ) 9
( 174 , 411 ) 14
( 174 , 618 ) 23
( 175 , 109 ) 33
( 175 , 278 ) 45
( 175 , 108 ) 46
( 175 , 668 ) 16
( 176 , 714 ) 30
( 176 , 92 ) 34
( 176 , 488 ) 40
( 176 , 244 ) 17
( 177 , 307 ) 33
( 177 , 390 ) 44
( 177 , 689 ) 24
( 177 , 345 ) 40
( 178 , 117 ) 13
( 178 , 129 ) 21
( 178 , 715 ) 1
( 178 , 407 ) 6
( 179 , 214 ) 43
( 179 , 172 ) 29
( 179 , 154 ) 6
( 179 , 591 ) 2
( 180 , 251 ) 16
( 180 , 199 ) 15
( 180 , 638 ) 24
( 180 , 288 ) 21
( 181 , 241 ) 28
( 181 , 120 ) 43
( 181 , 218 ) 50
( 181 , 542 ) 25
( 182 , 45 ) 28
( 182 , 193 ) 5
( 182 , 618 ) 11
( 182 , 34 ) 32
( 183 , 442 ) 46
( 183 , 269 ) 7
( 183 , 111 ) 22
( 183 , 447 ) 17
( 184 , 600 ) 22
( 184 , 194 ) 32
( 184 , 401 ) 47
( 184 , 396 ) 11
( 185 , 5 ) 41
( 185 , 72 ) 22
( 185 , 360 ) 26
( 185 , 351 ) 39
( 186 , 413 ) 12
( 186 , 689 ) 32
( 186 , 63 ) 45
( 186 , 385 ) 47
( 187 , 118 ) 38
( 187 , 265 ) 22
( 187 , 672 ) 31
( 187 , 164 ) 46
( 188 , 369 ) 5
( 188 , 343 ) 10
( 188 , 551 ) 3
( 188 , 479 ) 2
( 189 , 547 ) 29
( 189 , 523 ) 16
( 189 , 654 ) 29
( 189 , 529 ) 20
( 190 , 343 ) 19
( 190 , 659 ) 39
( 190 , 436 ) 4
( 190 , 392 ) 18
( 191 , 318 ) 44
( 191 , 365 ) 3
( 191 , 68 ) 44
( 191 , 595 ) 45
( 192 , 653 ) 47
( 192 , 725 ) 15
( 192 , 207 ) 10
( 192 , 603 ) 48
( 193 , 195 ) 32
( 193 , 32 ) 32
( 193 , 397 ) 10
( 193 , 493 ) 42
( 194 , 709 ) 14
( 194 , 379 ) 47
( 194 , 155 ) 45
( 194 , 419 ) 50
( 195 , 339 ) 47
( 195 , 510 ) 17
( 195 , 349 ) 3
( 195 , 454 ) 6
( 196 , 650 ) 12
( 196 , 318 ) 11
( 196 , 623 ) 2
( 196 , 120 ) 20
( 197 , 561 ) 33
( 197 , 652 ) 29
( 197 , 447 ) 1
( 197 , 478 ) 14
( 198 , 532 ) 42
( 198 , 593 ) 36
( 198 , 431 ) 24
( 198 , 334 ) 15
( 199 , 353 ) 27
( 199 , 344 ) 47
( 199 , 334 ) 12
( 199 , 72 ) 42
( 200 , 621 ) 43
( 200 , 137 ) 3
( 200 , 85 ) 4
( 200 , 33 ) 28
( 201 , 524 ) 23
( 201 , 459 ) 18
( 201 , 111 ) 43
( 201 , 109 ) 2
( 202 , 547 ) 24
( 202 , 363 ) 48
( 202 , 235 ) 23
( 202 , 91 ) 43
( 203 , 245 ) 11
( 203 , 53 ) 34
( 203 , 440 ) 20
( 203 , 594 ) 33
( 204 , 321 ) 41
( 204 , 207 ) 29
( 204 , 474 ) 5
( 204 , 664 ) 14
( 205 , 100 ) 44
( 205 , 181 ) 32
( 205 , 686 ) 9
( 205 , 665 ) 36
( 206 , 291 ) 10
( 206 , 603 ) 1
( 206 , 676 ) 5
( 206 , 418 ) 46
( 207 , 48 ) 15
( 207 , 254 ) 3
( 207 , 187 ) 36
( 207 , 335 ) 48
( 208 , 598 ) 37
( 208 , 218 ) 1
( 208 , 632 ) 40
( 208 , 347 ) 45
( 209 , 216 ) 26
( 209 , 360 ) 5
( 209 , 651 ) 27
( 209 , 486 ) 39
( 210 , 435 ) 29
( 210 , 620 ) 31
( 210 , 624 ) 21
( 210 , 92 ) 21
( 211 , 239 ) 24
( 211 , 648 ) 31
( 211 , 471 ) 28
( 211 , 719 ) 9
( 212 , 414 ) 5
( 212 , 476 ) 11
( 212 , 148 ) 17
( 212 , 377 ) 23
( 213 , 57 ) 18
( 213 , 548 ) 45
( 213 , 509 ) 9
( 213 , 292 ) 33
( 214 , 375 ) 18
( 214 , 149 ) 45
( 214 , 281 ) 25
( 214 , 88 ) 7
( 215 , 57 ) 27
( 215 , 564 ) 17
( 215 , 711 ) 17
( 215 , 306 ) 6
( 216 , 404 ) 1
( 216 , 224 ) 42
( 216 , 679 ) 11
( 216 , 22 ) 18
( 217 , 375 ) 23
( 217 , 728 ) 22
( 217 , 19 ) 44
( 217 , 197 ) 25
( 218 , 606 ) 47
( 218 , 162 ) 48
( 218 , 528 ) 12
( 218 , 79 ) 10
( 219 , 456 ) 46
( 219 , 676 ) 11
( 219 , 203 ) 8
( 219 , 690 ) 18
( 220 , 83 ) 39
( 220 , 591 ) 31
( 220 , 107 ) 39
( 220 , 56 ) 21
( 221 , 214 ) 28
( 221 , 623 ) 33
( 221 , 201 ) 13
( 221 , 363 ) 15
( 222 , 425 ) 11
( 222 , 567 ) 21
( 222 , 46 ) 37
( 222 , 519 ) 22
( 223 , 574 ) 46
( 223 , 594 ) 37
( 223 , 454 ) 27
( 223 , 712 ) 41
( 224 , 59 ) 45
( 224 , 410 ) 48
( 224 , 21 ) 13
( 224 , 720 ) 25
( 225 , 261 ) 27
( 225 , 569 ) 25
( 225 , 20 ) 29
( 225 , 419 ) 49
( 226 , 185 ) 16
( 226 , 427 ) 46
( 226 , 306 ) 18
( 226 , 670 ) 21
( 227 , 534 ) 3
( 227 , 471 ) 49
( 227 , 584 ) 5
( 227 , 715 ) 43
( 228 , 434 ) 41
( 228 , 288 ) 37
( 228 , 354 ) 7
( 228 , 79 ) 13
( 229 , 41 ) 46
( 229 , 459 ) 32
( 229 , 431 ) 29
( 229 , 79 ) 30
( 230 , 466 ) 33
( 230 , 587 ) 39
( 230 , 504 ) 36
( 230 , 464 ) 7
( 231 , 27 ) 40
( 231 , 122 ) 24
( 231 , 501 ) 5
( 231 , 476 ) 9
( 232 , 111 ) 43
( 232 , 723 ) 40
( 232 , 369 ) 40
( 232 , 113 ) 32
( 233 , 139 ) 37
( 233 , 73 ) 8
( 233 , 113 ) 31
( 233 , 601 ) 46
( 234 , 61 ) 41
( 234 , 354 ) 7
( 234 , 586 ) 14
( 234 , 63 ) 47
( 235 , 570 ) 6
( 235 , 599 ) 11
( 235 , 682 ) 31
( 235 , 583 ) 16
( 236 , 622 ) 43
( 236 , 417 ) 22
( 236 , 624 ) 41
( 236 , 590 ) 21
( 237 , 13 ) 29
( 237 , 348 ) 27
( 237 , 683 ) 47
( 237 , 483 ) 39
( 238 , 177 ) 48
( 238 , 125 ) 40
( 238 , 341 ) 38
( 238 , 406 ) 14
( 239 , 218 ) 11
( 239 , 617 ) 29
( 239 , 130 ) 4
( 239 , 325 ) 4
( 240 , 692 ) 1
( 240 , 35 ) 34
( 240 , 132 ) 34
( 240 , 668 ) 37
( 241 , 73 ) 48
( 241 , 506 ) 46
( 241 , 681 ) 2
( 241 , 461 ) 4
( 242 , 161 ) 40
( 242 , 33 ) 48
( 242 , 268 ) 39
( 242 , 407 ) 16
( 243 , 275 ) 30
( 243 , 666 ) 41
( 243 , 678 ) 1
( 243 , 537 ) 39
( 244 , 183 ) 30
( 244 , 713 ) 15
( 244 , 155 ) 42
( 244 , 433 ) 5
( 245 , 331 ) 48
( 245 , 307 ) 16
( 245 , 167 ) 13
( 245 , 701 ) 39
( 246 , 312 ) 32
( 246 , 25 ) 46
( 246 , 51 ) 8
( 246 , 520 ) 47
( 247 , 192 ) 46
( 247 , 361 ) 44
( 247 , 424 ) 30
( 247 , 678 ) 1
( 248 , 16 ) 45
( 248 , 481 ) 2
( 248 , 294 ) 26
( 248 , 56 ) 20
( 249 , 364 ) 25
( 249 , 601 ) 50
( 249 , 418 ) 42
( 249 , 67 ) 10
( 250 , 570 ) 1
( 250 , 553 ) 50
( 250 , 16 ) 49
( 250 , 556 ) 36
( 251 , 439 ) 3
( 251 , 511 ) 43
( 251 , 370 ) 43
( 251 , 404 ) 28
( 252 , 606 ) 1
( 252 , 643 ) 26
( 252 , 138 ) 14
( 252 , 519 ) 34
( 253 , 45 ) 40
( 253 , 663 ) 3
( 253 , 590 ) 32
( 253 , 354 ) 8
( 254 , 477 ) 50
( 254 , 239 ) 31
( 254 , 511 ) 10
( 254 , 522 ) 5
( 255 , 292 ) 10
( 255 , 169 ) 35
( 255 , 700 ) 37
( 255 , 74 ) 7
( 256 , 437 ) 32
( 256 , 166 ) 48
( 256 , 684 ) 25
( 256 , 706 ) 13
( 257 , 272 ) 49
( 257 , 166 ) 12
( 257 , 474 ) 18
( 257 , 633 ) 36
( 258 , 524 ) 12
( 258 , 471 ) 29
( 258 , 189 ) 2
( 258 , 510 ) 4
( 259 , 46 ) 34
( 259 , 391 ) 3
( 259 , 14 ) 5
( 259 , 317 ) 49
( 260 , 625 ) 36
( 260 , 635 ) 35
( 260 , 615 ) 42
( 260 , 422 ) 49
( 261 , 50 ) 48
( 261 , 14 ) 38
( 261 , 471 ) 48
( 261 , 64 ) 8
( 262 , 41 ) 45
( 262 , 189 ) 36
( 262 , 718 ) 28
( 262 , 660 ) 8
( 263 , 330 ) 39
( 263 , 511 ) 49
( 263 , 545 ) 14
( 263 , 353 ) 14
( 264 , 282 ) 36
( 264 , 495 ) 40
( 264 , 97 ) 25
( 264 , 327 ) 15
( 265 , 136 ) 1
( 265 , 85 ) 40
( 265 , 234 ) 47
( 265 , 76 ) 2
( 266 , 146 ) 7
( 266 , 259 ) 17
( 266 , 723 ) 5
( 266 , 580 ) 45
( 267 , 611 ) 49
( 267 , 258 ) 45
( 267 , 99 ) 31
( 267 , 176 ) 2
( 268 , 235 ) 3
( 268 , 117 ) 35
( 268 , 554 ) 29
( 268 , 323 ) 22
( 269 , 126 ) 43
( 269 , 107 ) 21
( 269 , 22 ) 36
( 269 , 107 ) 36
( 270 , 67 ) 31
( 270 , 483 ) 20
( 270 , 164 ) 9
( 270 , 652 ) 43
( 271 , 613 ) 17
( 271 , 706 ) 32
( 271 , 4 ) 32
( 271 , 53 ) 30
( 272 , 298 ) 34
( 272 , 304 ) 48
( 272 , 553 ) 5
( 272 , 546 ) 20
( 273 , 638 ) 43
( 273 , 165 ) 46
( 273 , 118 ) 13
( 273 , 338 ) 46
( 274 , 55 ) 26
( 274 , 587 ) 30
( 274 , 444 ) 14
( 274 , 691 ) 19
( 275 , 391 ) 8
( 275 , 333 ) 24
( 275 , 77 ) 19
( 275 , 150 ) 4
( 276 , 467 ) 20
( 276 , 285 ) 22
( 276 , 688 ) 45
( 276 , 561 ) 27
( 277 , 437 ) 14
( 277 , 231 ) 4
( 277 , 642 ) 39
( 277 , 414 ) 38
( 278 , 618 ) 35
( 278 , 655 ) 37
( 278 , 727 ) 36
( 278 , 671 ) 10
( 279 , 296 ) 31
( 279 , 457 ) 15
( 279 , 123 ) 11
( 279 , 249 ) 48
( 280 , 306 ) 31
( 280 , 304 ) 9
( 280 , 116 ) 40
( 280 , 602 ) 47
( 281 , 2 ) 8
( 281 , 597 ) 20
( 281 , 278 ) 16
( 281 , 66 ) 38
( 282 , 410 ) 4
( 282 , 470 ) 33
( 282 , 91 ) 19
( 282 , 537 ) 38
( 283 , 210 ) 39
( 283 , 529 ) 26
( 283 , 550 ) 15
( 283 , 103 ) 39
( 284 , 475 ) 33
( 284 , 566 ) 41
( 284 , 21 ) 40
( 284 , 478 ) 37
( 285 , 72 ) 31
( 285 , 713 ) 38
( 285 , 429 ) 31
( 285 , 568 ) 8
( 286 , 569 ) 1
( 286 , 472 ) 47
( 286 , 440 ) 5
( 286 , 471 ) 11
( 287 , 342 ) 14
( 287 , 616 ) 11
( 287 , 219 ) 5
( 287 , 283 ) 25
( 288 , 436 ) 3
( 288 , 61 ) 41
( 288 , 114 ) 25
( 288 , 703 ) 43
( 289 , 333 ) 10
( 289 , 424 ) 22
( 289 , 369 ) 41
( 289 , 437 ) 50
( 290 , 373 ) 30
( 290 , 651 ) 9
( 290 , 675 ) 28
( 290 , 7 ) 27
( 291 , 436 ) 34
( 291 , 414 ) 43
( 291 , 165 ) 32
( 291 , 169 ) 40
( 292 , 637 ) 44
( 292 , 697 ) 19
( 292 , 17 ) 3
( 292 , 489 ) 25
( 293 , 654 ) 2
( 293 , 114 ) 23
( 293 , 707 ) 38
( 293 , 462 ) 12
( 294 , 19 ) 43
( 294 , 196 ) 23
( 294 , 451 ) 32
( 294 , 263 ) 34
( 295 , 600 ) 2
( 295 , 158 ) 50
( 295 , 645 ) 39
( 295 , 536 ) 35
( 296 , 399 ) 6
( 296 , 250 ) 32
( 296 , 31 ) 7
( 296 , 705 ) 36
( 297 , 546 ) 43
( 297 , 601 ) 28
( 297 , 542 ) 37
( 297 , 96 ) 17
( 298 , 104 ) 38
( 298 , 107 ) 40
( 298 , 715 ) 45
( 298 , 215 ) 15
( 299 , 473 ) 19
( 299 , 554 ) 12
( 299 , 291 ) 32
( 299 , 208 ) 21
( 300 , 68 ) 49
( 300 , 69 ) 50
( 300 , 407 ) 1
( 300 , 698 ) 46
( 301 , 468 ) 16
( 301 , 255 ) 12
( 301 , 342 ) 2
( 301 , 373 ) 40
( 302 , 31 ) 7
( 302 , 398 ) 38
( 302 , 252 ) 50
( 302 , 493 ) 27
( 303 , 682 ) 29
( 303 , 589 ) 46
( 303 , 643 ) 29
( 303 , 241 ) 23
( 304 , 287 ) 48
( 304 , 436 ) 19
( 304 , 504 ) 43
( 304 , 122 ) 10
( 305 , 595 ) 26
( 305 , 172 ) 49
( 305 , 525 ) 6
( 305 , 259 ) 45
( 306 , 222 ) 50
( 306 , 238 ) 25
( 306 , 528 ) 12
( 306 , 357 ) 44
( 307 , 727 ) 5
( 307 , 481 ) 38
( 307 , 305 ) 11
( 307 , 393 ) 2
( 308 , 568 ) 19
( 308 , 681 ) 30
( 308 , 432 ) 4
( 308 , 64 ) 39
( 309 , 481 ) 43
( 309 , 388 ) 3
( 309 , 657 ) 32
( 309 , 229 ) 10
( 310 , 667 ) 35
( 310 , 612 ) 50
( 310 , 263 ) 6
( 310 , 644 ) 12
( 311 , 402 ) 46
( 311 , 228 ) 12
( 311 , 604 ) 1
( 311 , 543 ) 43
( 312 , 650 ) 22
( 312 , 601 ) 21
( 312 , 252 ) 47
( 312 , 309 ) 12
( 313 , 125 ) 2
( 313 , 19 ) 42
( 313 , 359 ) 12
( 313 , 262 ) 38
( 314 , 158 ) 37
( 314 , 94 ) 13
( 314 , 90 ) 2
( 314 , 53 ) 8
( 315 , 527 ) 34
( 315 , 182 ) 43
( 315 , 43 ) 18
( 315 , 584 ) 31
( 316 , 599 ) 49
( 316 , 427 ) 4
( 316 , 591 ) 48
( 316 , 39 ) 45
( 317 , 438 ) 10
( 317 , 111 ) 50
( 317 , 517 ) 5
( 317 , 345 ) 49
( 318 , 75 ) 25
( 318 , 642 ) 33
( 318 , 666 ) 15
( 318 , 432 ) 38
( 319 , 65 ) 40
( 319 , 545 ) 10
( 319 , 536 ) 9
( 319 , 677 ) 23
( 320 , 86 ) 35
( 320 , 274 ) 24
( 320 , 603 ) 28
( 320 , 49 ) 24
( 321 , 549 ) 21
( 321 , 717 ) 35
( 321 , 539 ) 44
( 321 , 628 ) 17
( 322 , 529 ) 34
( 322 , 345 ) 2
( 322 , 412 ) 5
( 322 , 32 ) 36
( 323 , 352 ) 33
( 323 , 569 ) 48
( 323 , 451 ) 48
( 323 , 263 ) 42
( 324 , 499 ) 9
( 324 , 541 ) 49
( 324 , 121 ) 36
( 324 , 383 ) 37
( 325 , 502 ) 18
( 325 , 172 ) 3
( 325 , 517 ) 43
( 325 , 651 ) 2
( 326 , 503 ) 6
( 326 , 713 ) 28
( 326 , 535 ) 26
( 326 , 68 ) 43
( 327 , 212 ) 43
( 327 , 589 ) 40
( 327 , 102 ) 21
( 327 , 366 ) 36
( 328 , 567 ) 43
( 328 , 131 ) 49
( 328 , 349 ) 30
( 328 , 623 ) 27
( 329 , 16 ) 45
( 329 , 232 ) 18
( 329 , 450 ) 47
( 329 , 2 ) 35
( 330 , 41 ) 11
( 330 , 5 ) 24
( 330 , 10 ) 28
( 330 , 568 ) 3
( 331 , 224 ) 28
( 331 , 99 ) 9
( 331 , 561 ) 45
( 331 , 673 ) 35
( 332 , 153 ) 28
( 332 , 451 ) 45
( 332 , 215 ) 35
( 332 , 399 ) 37
( 333 , 491 ) 25
( 333 , 205 ) 12
( 333 , 214 ) 25
( 333 , 655 ) 49
( 334 , 172 ) 20
( 334 , 667 ) 40
( 334 , 672 ) 4
( 334 , 36 ) 45
( 335 , 458 ) 25
( 335 , 408 ) 30
( 335 , 693 ) 11
( 335 , 301 ) 9
( 336 , 726 ) 23
( 336 , 537 ) 13
( 336 , 53 ) 50
( 336 , 158 ) 34
( 337 , 704 ) 7
( 337 , 559 ) 20
( 337 , 475 ) 9
( 337 , 255 ) 30
( 338 , 38 ) 8
( 338 , 510 ) 46
( 338 , 625 ) 28
( 338 , 165 ) 19
( 339 , 623 ) 47
( 339 , 488 ) 48
( 339 , 628 ) 42
( 339 , 603 ) 27
( 340 , 592 ) 24
( 340 , 584 ) 34
( 340 , 185 ) 1
( 340 , 503 ) 34
( 341 , 532 ) 19
( 341 , 154 ) 29
( 341 , 278 ) 8
( 341 , 289 ) 36
( 342 , 529 ) 15
( 342 , 38 ) 45
( 342 , 147 ) 14
( 342 , 509 ) 29
( 343 , 651 ) 37
( 343 , 471 ) 44
( 343 , 514 ) 34
( 343 , 135 ) 14
( 344 , 350 ) 16
( 344 , 638 ) 22
( 344 , 3 ) 44
( 344 , 702 ) 10
( 345 , 71 ) 36
( 345 , 431 ) 48
( 345 , 74 ) 44
( 345 , 68 ) 7
( 346 , 683 ) 42
( 346 , 146 ) 16
( 346 , 119 ) 43
( 346 , 704 ) 46
( 347 , 112 ) 32
( 347 , 191 ) 36
( 347 , 413 ) 49
( 347 , 569 ) 16
( 348 , 315 ) 13
( 348 , 407 ) 29
( 348 , 419 ) 16
( 348 , 71 ) 2
( 349 , 480 ) 41
( 349 , 420 ) 37
( 349 , 228 ) 34
( 349 , 557 ) 40
( 350 , 523 ) 2
( 350 , 88 ) 18
( 350 , 567 ) 38
( 350 , 512 ) 30
( 351 , 294 ) 48
( 351 , 99 ) 12
( 351 , 337 ) 27
( 351 , 631 ) 47
( 352 , 258 ) 26
( 352 , 71 ) 44
( 352 , 31 ) 10
( 352 , 272 ) 4
( 353 , 259 ) 46
( 353 , 348 ) 12
( 353 , 360 ) 37
( 353 , 656 ) 2
( 354 , 405 ) 1
( 354 , 348 ) 16
( 354 , 158 ) 49
( 354 , 616 ) 27
( 355 , 591 ) 43
( 355 , 234 ) 30
( 355 , 135 ) 32
( 355 , 13 ) 21
( 356 , 317 ) 28
( 356 , 348 ) 25
( 356 , 267 ) 19
( 356 , 173 ) 13
( 357 , 426 ) 9
( 357 , 256 ) 22
( 357 , 696 ) 29
( 357 , 5 ) 9
( 358 , 179 ) 10
( 358 , 350 ) 29
( 358 , 274 ) 7
( 358 , 219 ) 18
( 359 , 2 ) 8
( 359 , 451 ) 49
( 359 , 481 ) 44
( 359 , 675 ) 45
( 360 , 198 ) 31
( 360 , 204 ) 49
( 360 , 316 ) 42
( 360 , 222 ) 47
( 361 , 109 ) 18
( 361 , 539 ) 38
( 361 , 718 ) 23
( 361 , 627 ) 3
( 362 , 97 ) 40
( 362 , 56 ) 46
( 362 , 61 ) 35
( 362 , 212 ) 5
( 363 , 698 ) 24
( 363 , 455 ) 32
( 363 , 357 ) 34
( 363 , 292 ) 25
( 364 , 556 ) 34
( 364 , 564 ) 48
( 364 , 118 ) 45
( 364 , 187 ) 42
( 365 , 224 ) 33
( 365 , 716 ) 1
( 365 , 511 ) 17
( 365 , 256 ) 40
( 366 , 597 ) 17
( 366 , 629 ) 22
( 366 , 70 ) 19
( 366 , 113 ) 44
( 367 , 45 ) 1
( 367 , 231 ) 16
( 367 , 224 ) 23
( 367 , 340 ) 3
( 368 , 264 ) 22
( 368 , 638 ) 24
( 368 , 71 ) 16
( 368 , 66 ) 20
( 369 , 415 ) 32
( 369 , 8 ) 37
( 369 , 147 ) 18
( 369 , 468 ) 48
( 370 , 337 ) 28
( 370 , 52 ) 20
( 370 , 111 ) 39
( 370 , 257 ) 8
( 371 , 147 ) 32
( 371 , 384 ) 50
( 371 , 457 ) 38
( 371 , 120 ) 42
( 372 , 605 ) 31
( 372 , 64 ) 12
( 372 , 13 ) 28
( 372 , 563 ) 42
( 373 , 693 ) 19
( 373 , 362 ) 40
( 373 , 304 ) 43
( 373 , 623 ) 26
( 374 , 345 ) 36
( 374 , 459 ) 36
( 374 , 523 ) 6
( 374 , 406 ) 27
( 375 , 344 ) 32
( 375 , 525 ) 27
( 375 , 649 ) 37
( 375 , 661 ) 43
( 376 , 276 ) 21
( 376 , 555 ) 38
( 376 , 240 ) 28
( 376 , 391 ) 3
( 377 , 711 ) 38
( 377 , 441 ) 48
( 377 , 183 ) 4
( 377 , 281 ) 7
( 378 , 596 ) 1
( 378 , 41 ) 22
( 378 , 246 ) 5
( 378 , 334 ) 12
( 379 , 417 ) 31
( 379 , 8 ) 38
( 379 , 344 ) 5
( 379 , 50 ) 24
( 380 , 421 ) 35
( 380 , 499 ) 44
( 380 , 377 ) 40
( 380 , 569 ) 37
( 381 , 268 ) 1
( 381 , 250 ) 43
( 381 , 361 ) 30
( 381 , 541 ) 13
( 382 , 558 ) 11
( 382 , 410 ) 14
( 382 , 247 ) 17
( 382 , 85 ) 35
( 383 , 367 ) 34
( 383 , 36 ) 30
( 383 , 381 ) 22
( 383 , 215 ) 25
( 384 , 291 ) 38
( 384 , 284 ) 27
( 384 , 655 ) 37
( 384 , 18 ) 46
( 385 , 297 ) 14
( 385 , 189 ) 17
( 385 , 592 ) 2
( 385 , 515 ) 34
( 386 , 32 ) 47
( 386 , 1 ) 17
( 386 , 56 ) 37
( 386 , 406 ) 46
( 387 , 529 ) 44
( 387 , 204 ) 18
( 387 , 126 ) 30
( 387 , 253 ) 21
( 388 , 234 ) 29
( 388 , 111 ) 38
( 388 , 524 ) 16
( 388 , 693 ) 17
( 389 , 496 ) 23
( 389 , 433 ) 10
( 389 , 585 ) 4
( 389 , 51 ) 31
( 390 , 534 ) 20
( 390 , 670 ) 8
( 390 , 538 ) 1
( 390 , 53 ) 20
( 391 , 37 ) 25
( 391 , 615 ) 4
( 391 , 391 ) 17
( 391 , 149 ) 8
( 392 , 54 ) 15
( 392 , 538 ) 30
( 392 , 111 ) 37
( 392 , 264 ) 12
( 393 , 201 ) 24
( 393 , 133 ) 34
( 393 , 722 ) 43
( 393 , 581 ) 50
( 394 , 267 ) 3
( 394 , 367 ) 19
( 394 , 281 ) 25
( 394 , 55 ) 35
( 395 , 543 ) 15
( 395 , 231 ) 28
( 395 , 403 ) 46
( 395 , 591 ) 50
( 396 , 728 ) 46
( 396 , 515 ) 41
( 396 , 149 ) 41
( 396 , 202 ) 39
( 397 , 465 ) 38
( 397 , 437 ) 23
( 397 , 533 ) 8
( 397 , 85 ) 9
( 398 , 644 ) 45
( 398 , 389 ) 30
( 398 , 48 ) 38
( 398 , 102 ) 18
( 399 , 313 ) 21
( 399 , 126 ) 13
( 399 , 69 ) 11
( 399 , 388 ) 33
( 400 , 463 ) 22
( 400 , 115 ) 13
( 400 , 663 ) 24
( 400 , 643 ) 49
( 401 , 451 ) 34
( 401 , 83 ) 28
( 401 , 264 ) 29
( 401 , 200 ) 43
( 402 , 458 ) 6
( 402 , 425 ) 45
( 402 , 475 ) 11
( 402 , 701 ) 39
( 403 , 133 ) 22
( 403 , 310 ) 23
( 403 , 627 ) 14
( 403 , 544 ) 42
( 404 , 21 ) 36
( 404 , 720 ) 28
( 404 , 23 ) 17
( 404 , 276 ) 24
( 405 , 342 ) 20
( 405 , 353 ) 2
( 405 , 109 ) 17
( 405 , 609 ) 26
( 406 , 182 ) 10
( 406 , 522 ) 19
( 406 , 691 ) 28
( 406 , 368 ) 32
( 407 , 354 ) 45
( 407 , 569 ) 38
( 407 , 424 ) 6
( 407 , 693 ) 22
( 408 , 498 ) 21
( 408 , 421 ) 48
( 408 , 302 ) 25
( 408 , 247 ) 22
( 409 , 618 ) 5
( 409 , 192 ) 6
( 409 , 99 ) 43
( 409 , 240 ) 49
( 410 , 2 ) 10
( 410 , 574 ) 44
( 410 , 576 ) 50
( 410 , 543 ) 20
( 411 , 126 ) 25
( 411 , 354 ) 43
( 411 , 597 ) 30
( 411 , 628 ) 17
( 412 , 257 ) 29
( 412 , 115 ) 13
( 412 , 534 ) 48
( 412 , 255 ) 46
( 413 , 634 ) 6
( 413 , 472 ) 48
( 413 , 327 ) 23
( 413 , 404 ) 28
( 414 , 287 ) 31
( 414 , 180 ) 32
( 414 , 502 ) 34
( 414 , 642 ) 29
( 415 , 428 ) 12
( 415 , 462 ) 42
( 415 , 44 ) 24
( 415 , 261 ) 21
( 416 , 289 ) 19
( 416 , 327 ) 39
( 416 , 429 ) 17
( 416 , 158 ) 28
( 417 , 2 ) 37
( 417 , 306 ) 28
( 417 , 648 ) 17
( 417 , 347 ) 25
( 418 , 282 ) 49
( 418 , 136 ) 32
( 418 , 174 ) 32
( 418 , 236 ) 21
( 419 , 234 ) 48
( 419 , 623 ) 8
( 419 , 492 ) 7
( 419 , 322 ) 22
( 420 , 279 ) 44
( 420 , 701 ) 4
( 420 , 303 ) 5
( 420 , 554 ) 46
( 421 , 86 ) 37
( 421 , 81 ) 11
( 421 , 324 ) 34
( 421 , 166 ) 9
( 422 , 254 ) 1
( 422 , 320 ) 43
( 422 , 665 ) 23
( 422 , 369 ) 11
( 423 , 384 ) 40
( 423 , 346 ) 37
( 423 , 702 ) 22
( 423 , 239 ) 3
( 424 , 276 ) 4
( 424 , 509 ) 36
( 424 , 494 ) 44
( 424 , 124 ) 49
( 425 , 360 ) 42
( 425 , 578 ) 2
( 425 , 567 ) 21
( 425 , 6 ) 38
( 426 , 1 ) 14
( 426 , 275 ) 5
( 426 , 9 ) 32
( 426 , 128 ) 3
( 427 , 517 ) 35
( 427 , 300 ) 41
( 427 , 149 ) 25
( 427 , 217 ) 8
( 428 , 701 ) 46
( 428 , 371 ) 33
( 428 , 485 ) 18
( 428 , 513 ) 42
( 429 , 628 ) 35
( 429 , 238 ) 26
( 429 , 424 ) 42
( 429 , 171 ) 2
( 430 , 417 ) 48
( 430 , 52 ) 42
( 430 , 598 ) 43
( 430 , 32 ) 15
( 431 , 529 ) 31
( 431 , 235 ) 37
( 431 , 296 ) 35
( 431 , 623 ) 45
( 432 , 662 ) 39
( 432 , 532 ) 45
( 432 , 402 ) 35
( 432 , 498 ) 33
( 433 , 225 ) 3
( 433 , 87 ) 7
( 433 , 276 ) 38
( 433 , 359 ) 12
( 434 , 469 ) 5
( 434 , 204 ) 16
( 434 , 364 ) 21
( 434 , 144 ) 8
( 435 , 686 ) 15
( 435 , 373 ) 29
( 435 , 477 ) 30
( 435 , 485 ) 25
( 436 , 367 ) 17
( 436 , 358 ) 10
( 436 , 318 ) 14
( 436 , 511 ) 12
( 437 , 274 ) 20
( 437 , 231 ) 9
( 437 , 529 ) 42
( 437 , 313 ) 49
( 438 , 147 ) 34
( 438 , 332 ) 23
( 438 , 66 ) 9
( 438 , 535 ) 41
( 439 , 19 ) 4
( 439 , 597 ) 41
( 439 , 598 ) 19
( 439 , 338 ) 1
( 440 , 391 ) 43
( 440 , 378 ) 35
( 440 , 331 ) 33
( 440 , 374 ) 26
( 441 , 700 ) 49
( 441 , 482 ) 50
( 441 , 656 ) 19
( 441 , 12 ) 16
( 442 , 427 ) 29
( 442 , 393 ) 27
( 442 , 448 ) 41
( 442 , 670 ) 30
( 443 , 73 ) 44
( 443 , 681 ) 30
( 443 , 546 ) 3
( 443 , 221 ) 7
( 444 , 729 ) 23
( 444 , 91 ) 45
( 444 , 301 ) 22
( 444 , 653 ) 43
( 445 , 264 ) 1
( 445 , 424 ) 14
( 445 , 159 ) 7
( 445 , 212 ) 31
( 446 , 505 ) 24
( 446 , 271 ) 4
( 446 , 710 ) 17
( 446 , 173 ) 9
( 447 , 507 ) 42
( 447 , 61 ) 43
( 447 , 122 ) 46
( 447 , 147 ) 31
( 448 , 322 ) 28
( 448 , 268 ) 24
( 448 , 150 ) 16
( 448 , 685 ) 13
( 449 , 245 ) 12
( 449 , 76 ) 41
( 449 , 633 ) 28
( 449 , 257 ) 36
( 450 , 492 ) 3
( 450 , 167 ) 6
( 450 , 617 ) 14
( 450 , 211 ) 16
( 451 , 578 ) 17
( 451 , 137 ) 47
( 451 , 573 ) 39
( 451 , 325 ) 18
( 452 , 558 ) 33
( 452 , 727 ) 18
( 452 , 440 ) 32
( 452 , 625 ) 8
( 453 , 723 ) 15
( 453 , 33 ) 23
( 453 , 712 ) 45
( 453 , 453 ) 43
( 454 , 97 ) 43
( 454 , 97 ) 13
( 454 , 33 ) 19
( 454 , 578 ) 39
( 455 , 458 ) 49
( 455 , 515 ) 7
( 455 , 26 ) 18
( 455 , 357 ) 12
( 456 , 203 ) 32
( 456 , 222 ) 32
( 456 , 149 ) 28
( 456 , 673 ) 21
( 457 , 691 ) 36
( 457 , 519 ) 38
( 457 , 358 ) 3
( 457 , 391 ) 46
( 458 , 59 ) 32
( 458 , 579 ) 35
( 458 , 116 ) 15
( 458 , 499 ) 5
( 459 , 34 ) 28
( 459 , 728 ) 50
( 459 , 355 ) 50
( 459 , 697 ) 11
( 460 , 541 ) 44
( 460 , 274 ) 22
( 460 , 392 ) 10
( 460 , 459 ) 48
( 461 , 50 ) 34
( 461 , 150 ) 4
( 461 , 250 ) 35
( 461 , 621 ) 14
( 462 , 23 ) 5
( 462 , 415 ) 23
( 462 , 443 ) 44
( 462 , 47 ) 29
( 463 , 142 ) 41
( 463 , 626 ) 33
( 463 , 280 ) 26
( 463 , 349 ) 35
( 464 , 200 ) 31
( 464 , 571 ) 32
( 464 , 122 ) 29
( 464 , 467 ) 35
( 465 , 571 ) 22
( 465 , 160 ) 20
( 465 , 251 ) 41
( 465 , 209 ) 33
( 466 , 512 ) 37
( 466 , 258 ) 28
( 466 , 650 ) 32
( 466 , 112 ) 11
( 467 , 417 ) 19
( 467 , 602 ) 15
( 467 , 76 ) 19
( 467 , 11 ) 35
( 468 , 288 ) 38
( 468 , 617 ) 4
( 468 , 275 ) 28
( 468 , 608 ) 16
( 469 , 596 ) 32
( 469 , 101 ) 9
( 469 , 135 ) 16
( 469 , 644 ) 25
( 470 , 306 ) 5
( 470 , 649 ) 24
( 470 , 210 ) 43
( 470 , 248 ) 1
( 471 , 135 ) 37
( 471 , 59 ) 13
( 471 , 547 ) 7
( 471 , 429 ) 23
( 472 , 23 ) 50
( 472 , 420 ) 7
( 472 , 321 ) 14
( 472 , 39 ) 49
( 473 , 222 ) 17
( 473 , 648 ) 44
( 473 , 427 ) 29
( 473 , 507 ) 16
( 474 , 555 ) 21
( 474 , 333 ) 19
( 474 , 4 ) 23
( 474 , 91 ) 24
( 475 , 290 ) 50
( 475 , 327 ) 27
( 475 , 297 ) 38
( 475 , 318 ) 7
( 476 , 374 ) 32
( 476 , 457 ) 24
( 476 , 439 ) 22
( 476 , 374 ) 39
( 477 , 645 ) 13
( 477 , 176 ) 21
( 477 , 689 ) 30
( 477 , 34 ) 35
( 478 , 590 ) 19
( 478 , 21 ) 8
( 478 , 208 ) 12
( 478 , 169 ) 40
( 479 , 16 ) 6
( 479 , 359 ) 13
( 479 , 67 ) 16
( 479 , 632 ) 1
( 480 , 494 ) 28
( 480 , 212 ) 11
( 480 , 652 ) 28
( 480 , 322 ) 13
( 481 , 328 ) 49
( 481 , 297 ) 20
( 481 , 578 ) 31
( 481 , 312 ) 50
( 482 , 2 ) 5
( 482 , 89 ) 5
( 482 , 32 ) 46
( 482 , 399 ) 9
( 483 , 132 ) 31
( 483 , 197 ) 11
( 483 , 472 ) 5
( 483 , 330 ) 7
( 484 , 448 ) 42
( 484 , 296 ) 26
( 484 , 235 ) 42
( 484 , 209 ) 36
( 485 , 363 ) 34
( 485 , 357 ) 40
( 485 , 357 ) 21
( 485 , 253 ) 11
( 486 , 207 ) 29
( 486 , 106 ) 30
( 486 , 203 ) 17
( 486 , 21 ) 30
( 487 , 326 ) 48
( 487 , 499 ) 30
( 487 , 654 ) 21
( 487 , 647 ) 46
( 488 , 669 ) 25
( 488 , 512 ) 47
( 488 , 565 ) 15
( 488 , 446 ) 8
( 489 , 532 ) 35
( 489 , 62 ) 38
( 489 , 126 ) 49
( 489 , 420 ) 39
( 490 , 583 ) 23
( 490 , 690 ) 36
( 490 , 596 ) 37
( 490 , 618 ) 22
( 491 , 657 ) 6
( 491 , 127 ) 20
( 491 , 398 ) 36
( 491 , 639 ) 7
( 492 , 391 ) 36
( 492 , 254 ) 39
( 492 , 50 ) 26
( 492 , 146 ) 33
( 493 , 296 ) 16
( 493 , 315 ) 37
( 493 , 81 ) 46
( 493 , 43 ) 43
( 494 , 220 ) 13
( 494 , 88 ) 49
( 494 , 342 ) 23
( 494 , 250 ) 40
( 495 , 640 ) 15
( 495 , 638 ) 11
( 495 , 165 ) 14
( 495 , 399 ) 49
( 496 , 676 ) 14
( 496 , 227 ) 35
( 496 , 656 ) 18
( 496 , 691 ) 32
( 497 , 99 ) 37
( 497 , 408 ) 13
( 497 , 257 ) 34
( 497 , 623 ) 3
( 498 , 655 ) 33
( 498 , 694 ) 29
( 498 , 633 ) 6
( 498 , 710 ) 26
( 499 , 195 ) 50
( 499 , 375 ) 41
( 499 , 293 ) 39
( 499 , 722 ) 2
( 500 , 545 ) 27
( 500 , 106 ) 24
( 500 , 655 ) 25
( 500 , 635 ) 1
( 501 , 645 ) 34
( 501 , 31 ) 10
( 501 , 566 ) 15
( 501 , 139 ) 49
( 502 , 729 ) 31
( 502 , 193 ) 5
( 502 , 424 ) 45
( 502 , 339 ) 6
( 503 , 117 ) 26
( 503 , 408 ) 2
( 503 , 375 ) 32
( 503 , 341 ) 50
( 504 , 228 ) 4
( 504 , 35 ) 11
( 504 , 450 ) 15
( 504 , 149 ) 50
( 505 , 55 ) 19
( 505 , 67 ) 16
( 505 , 246 ) 19
( 505 , 297 ) 14
( 506 , 417 ) 34
( 506 , 460 ) 47
( 506 , 41 ) 26
( 506 , 332 ) 30
( 507 , 225 ) 23
( 507 , 88 ) 17
( 507 , 684 ) 46
( 507 , 332 ) 12
( 508 , 100 ) 50
( 508 , 663 ) 9
( 508 , 325 ) 44
( 508 , 252 ) 46
( 509 , 388 ) 40
( 509 , 561 ) 13
( 509 , 603 ) 36
( 509 , 13 ) 38
( 510 , 608 ) 31
( 510 , 227 ) 22
( 510 , 561 ) 16
( 510 , 4 ) 30
( 511 , 483 ) 32
( 511 , 658 ) 33
( 511 , 601 ) 11
( 511 , 436 ) 9
( 512 , 181 ) 17
( 512 , 191 ) 47
( 512 , 545 ) 50
( 512 , 557 ) 41
( 513 , 393 ) 30
( 513 , 380 ) 25
( 513 , 662 ) 4
( 513 , 582 ) 43
( 514 , 412 ) 1
( 514 , 79 ) 6
( 514 , 637 ) 37
( 514 , 139 ) 46
( 515 , 460 ) 20
( 515 , 255 ) 15
( 515 , 295 ) 38
( 515 , 480 ) 2
( 516 , 52 ) 35
( 516 , 241 ) 6
( 516 , 523 ) 33
( 516 , 178 ) 8
( 517 , 493 ) 42
( 517 , 429 ) 10
( 517 , 95 ) 3
( 517 , 398 ) 23
( 518 , 650 ) 38
( 518 , 451 ) 41
( 518 , 516 ) 31
( 518 , 222 ) 32
( 519 , 92 ) 33
( 519 , 401 ) 1
( 519 , 467 ) 26
( 519 , 373 ) 17
( 520 , 283 ) 13
( 520 , 716 ) 25
( 520 , 388 ) 3
( 520 , 353 ) 5
( 521 , 27 ) 33
( 521 , 697 ) 48
( 521 , 50 ) 41
( 521 , 161 ) 43
( 522 , 183 ) 32
( 522 , 678 ) 6
( 522 , 170 ) 28
( 522 , 479 ) 48
( 523 , 267 ) 31
( 523 , 96 ) 27
( 523 , 381 ) 9
( 523 , 186 ) 4
( 524 , 357 ) 18
( 524 , 455 ) 26
( 524 , 217 ) 12
( 524 , 406 ) 44
( 525 , 11 ) 11
( 525 , 35 ) 5
( 525 , 57 ) 6
( 525 , 38 ) 34
( 526 , 460 ) 34
( 526 , 671 ) 35
( 526 , 436 ) 41
( 526 , 674 ) 28
( 527 , 709 ) 49
( 527 , 377 ) 2
( 527 , 673 ) 44
( 527 , 148 ) 15
( 528 , 665 ) 33
( 528 , 371 ) 1
( 528 , 653 ) 14
( 528 , 472 ) 40
( 529 , 372 ) 9
( 529 , 134 ) 14
( 529 , 362 ) 45
( 529 , 247 ) 34
( 530 , 274 ) 3
( 530 , 83 ) 45
( 530 , 456 ) 24
( 530 , 585 ) 17
( 531 , 52 ) 2
( 531 , 562 ) 40
( 531 , 468 ) 5
( 531 , 463 ) 38
( 532 , 589 ) 30
( 532 , 314 ) 47
( 532 , 140 ) 18
( 532 , 698 ) 43
( 533 , 527 ) 21
( 533 , 89 ) 46
( 533 , 393 ) 5
( 533 , 396 ) 49
( 534 , 98 ) 45
( 534 , 418 ) 44
( 534 , 86 ) 11
( 534 , 112 ) 4
( 535 , 32 ) 49
( 535 , 363 ) 3
( 535 , 189 ) 39
( 535 , 107 ) 47
( 536 , 344 ) 49
( 536 , 636 ) 12
( 536 , 22 ) 47
( 536 , 43 ) 25
( 537 , 267 ) 37
( 537 , 340 ) 12
( 537 , 255 ) 3
( 537 , 179 ) 39
( 538 , 118 ) 13
( 538 , 152 ) 6
( 538 , 664 ) 13
( 538 , 40 ) 44
( 539 , 602 ) 24
( 539 , 71 ) 26
( 539 , 281 ) 25
( 539 , 331 ) 2
( 540 , 668 ) 38
( 540 , 702 ) 14
( 540 , 62 ) 2
( 540 , 393 ) 11
( 541 , 402 ) 27
( 541 , 189 ) 20
( 541 , 659 ) 23
( 541 , 252 ) 49
( 542 , 703 ) 18
( 542 , 302 ) 10
( 542 , 378 ) 5
( 542 , 514 ) 13
( 543 , 517 ) 48
( 543 , 408 ) 13
( 543 , 408 ) 15
( 543 , 321 ) 2
( 544 , 180 ) 39
( 544 , 345 ) 26
( 544 , 626 ) 29
( 544 , 74 ) 10
( 545 , 507 ) 34
( 545 , 357 ) 20
( 545 , 150 ) 11
( 545 , 479 ) 44
( 546 , 332 ) 18
( 546 , 207 ) 4
( 546 , 424 ) 3
( 546 , 302 ) 41
( 547 , 209 ) 10
( 547 , 377 ) 5
( 547 , 73 ) 46
( 547 , 75 ) 12
( 548 , 168 ) 40
( 548 , 629 ) 22
( 548 , 681 ) 50
( 548 , 561 ) 20
( 549 , 528 ) 34
( 549 , 354 ) 27
( 549 , 29 ) 22
( 549 , 228 ) 28
( 550 , 38 ) 32
( 550 , 436 ) 24
( 550 , 310 ) 22
( 550 , 559 ) 7
( 551 , 555 ) 50
( 551 , 253 ) 48
( 551 , 298 ) 11
( 551 , 405 ) 22
( 552 , 610 ) 9
( 552 , 174 ) 14
( 552 , 491 ) 36
( 552 , 424 ) 25
( 553 , 664 ) 27
( 553 , 377 ) 46
( 553 , 161 ) 7
( 553 , 448 ) 37
( 554 , 385 ) 5
( 554 , 609 ) 40
( 554 , 365 ) 1
( 554 , 261 ) 32
( 555 , 391 ) 1
( 555 , 665 ) 36
( 555 , 410 ) 16
( 555 , 135 ) 36
( 556 , 468 ) 4
( 556 , 215 ) 47
( 556 , 270 ) 32
( 556 , 616 ) 27
( 557 , 686 ) 14
( 557 , 180 ) 2
( 557 , 248 ) 27
( 557 , 675 ) 15
( 558 , 43 ) 47
( 558 , 45 ) 41
( 558 , 66 ) 10
( 558 , 2 ) 37
( 559 , 416 ) 39
( 559 , 675 ) 4
( 559 , 524 ) 12
( 559 , 395 ) 15
( 560 , 345 ) 15
( 560 , 379 ) 10
( 560 , 180 ) 46
( 560 , 644 ) 36
( 561 , 691 ) 50
( 561 , 207 ) 19
( 561 , 16 ) 38
( 561 , 607 ) 5
( 562 , 129 ) 11
( 562 , 27 ) 42
( 562 , 187 ) 13
( 562 , 534 ) 29
( 563 , 93 ) 5
( 563 , 464 ) 38
( 563 , 669 ) 14
( 563 , 103 ) 5
( 564 , 412 ) 11
( 564 , 690 ) 3
( 564 , 294 ) 17
( 564 , 208 ) 39
( 565 , 348 ) 41
( 565 , 416 ) 11
( 565 , 489 ) 44
( 565 , 27 ) 7
( 566 , 670 ) 26
( 566 , 44 ) 37
( 566 , 65 ) 1
( 566 , 473 ) 39
( 567 , 713 ) 34
( 567 , 685 ) 44
( 567 , 56 ) 42
( 567 , 597 ) 24
( 568 , 515 ) 19
( 568 , 253 ) 36
( 568 , 636 ) 22
( 568 , 554 ) 37
( 569 , 271 ) 32
( 569 , 1 ) 28
( 569 , 485 ) 41
( 569 , 332 ) 3
( 570 , 492 ) 4
( 570 , 204 ) 12
( 570 , 447 ) 29
( 570 , 49 ) 12
( 571 , 142 ) 18
( 571 , 379 ) 33
( 571 , 723 ) 18
( 571 , 458 ) 39
( 572 , 686 ) 28
( 572 , 26 ) 35
( 572 , 449 ) 24
( 572 , 97 ) 12
( 573 , 716 ) 2
( 573 , 660 ) 22
( 573 , 272 ) 35
( 573 , 55 ) 32
( 574 , 176 ) 13
( 574 , 277 ) 18
( 574 , 529 ) 44
( 574 , 307 ) 15
( 575 , 259 ) 18
( 575 , 369 ) 16
( 575 , 284 ) 5
( 575 , 391 ) 24
( 576 , 595 ) 24
( 576 , 51 ) 45
( 576 , 345 ) 23
( 576 , 398 ) 14
( 577 , 48 ) 5
( 577 , 334 ) 1
( 577 , 642 ) 48
( 577 , 34 ) 18
( 578 , 596 ) 22
( 578 , 539 ) 47
( 578 , 116 ) 39
( 578 , 264 ) 3
( 579 , 213 ) 16
( 579 , 670 ) 28
( 579 , 714 ) 44
( 579 , 679 ) 35
( 580 , 135 ) 3
( 580 , 109 ) 2
( 580 , 83 ) 21
( 580 , 43 ) 1
( 581 , 534 ) 37
( 581 , 199 ) 39
( 581 , 266 ) 8
( 581 , 615 ) 20
( 582 , 7 ) 22
( 582 , 239 ) 25
( 582 , 455 ) 20
( 582 , 407 ) 16
( 583 , 361 ) 45
( 583 , 160 ) 17
( 583 , 217 ) 22
( 583 , 121 ) 21
( 584 , 296 ) 8
( 584 , 449 ) 40
( 584 , 175 ) 11
( 584 , 72 ) 30
( 585 , 361 ) 13
( 585 , 629 ) 46
( 585 , 564 ) 25
( 585 , 619 ) 4
( 586 , 602 ) 20
( 586 , 627 ) 15
( 586 , 555 ) 33
( 586 , 687 ) 16
( 587 , 440 ) 42
( 587 , 520 ) 25
( 587 , 516 ) 3
( 587 , 591 ) 12
( 588 , 101 ) 22
( 588 , 367 ) 16
( 588 , 315 ) 14
( 588 , 79 ) 46
( 589 , 274 ) 20
( 589 , 128 ) 8
( 589 , 28 ) 21
( 589 , 599 ) 50
( 590 , 534 ) 49
( 590 , 502 ) 49
( 590 , 28 ) 27
( 590 , 488 ) 47
( 591 , 557 ) 13
( 591 , 180 ) 26
( 591 , 480 ) 13
( 591 , 478 ) 9
( 592 , 439 ) 44
( 592 , 320 ) 6
( 592 , 34 ) 29
( 592 , 582 ) 15
( 593 , 508 ) 7
( 593 , 659 ) 42
( 593 , 671 ) 9
( 593 , 350 ) 13
( 594 , 399 ) 35
( 594 , 555 ) 47
( 594 , 623 ) 3
( 594 , 662 ) 10
( 595 , 423 ) 39
( 595 , 188 ) 14
( 595 , 273 ) 42
( 595 , 440 ) 34
( 596 , 194 ) 31
( 596 , 575 ) 23
( 596 , 420 ) 18
( 596 , 618 ) 3
( 597 , 174 ) 21
( 597 , 353 ) 17
( 597 , 154 ) 16
( 597 , 593 ) 1
( 598 , 361 ) 18
( 598 , 560 ) 12
( 598 , 431 ) 29
( 598 , 34 ) 41
( 599 , 43 ) 27
( 599 , 58 ) 6
( 599 , 44 ) 19
( 599 , 457 ) 45
( 600 , 79 ) 5
( 600 , 338 ) 31
( 600 , 173 ) 38
( 600 , 257 ) 34
( 601 , 98 ) 34
( 601 , 651 ) 10
( 601 , 349 ) 15
( 601 , 21 ) 3
( 602 , 186 ) 35
( 602 , 723 ) 23
( 602 , 296 ) 36
( 602 , 427 ) 12
( 603 , 334 ) 49
( 603 , 353 ) 2
( 603 , 584 ) 40
( 603 , 705 ) 3
( 604 , 334 ) 48
( 604 , 123 ) 50
( 604 , 168 ) 5
( 604 , 273 ) 13
( 605 , 708 ) 46
( 605 , 621 ) 49
( 605 , 200 ) 20
( 605 , 254 ) 1
( 606 , 589 ) 45
( 606 , 294 ) 25
( 606 , 355 ) 11
( 606 , 256 ) 16
( 607 , 471 ) 38
( 607 , 683 ) 22
( 607 , 373 ) 9
( 607 , 21 ) 22
( 608 , 75 ) 35
( 608 , 69 ) 1
( 608 , 424 ) 16
( 608 , 141 ) 2
( 609 , 541 ) 22
( 609 , 414 ) 14
( 609 , 56 ) 25
( 609 , 155 ) 9
( 610 , 506 ) 8
( 610 , 416 ) 30
( 610 , 585 ) 40
( 610 , 19 ) 48
( 611 , 577 ) 17
( 611 , 472 ) 42
( 611 , 100 ) 10
( 611 , 210 ) 1
( 612 , 96 ) 21
( 612 , 206 ) 42
( 612 , 256 ) 10
( 612 , 187 ) 31
( 613 , 580 ) 35
( 613 , 71 ) 22
( 613 , 143 ) 23
( 613 , 130 ) 30
( 614 , 550 ) 41
( 614 , 620 ) 40
( 614 , 292 ) 36
( 614 , 562 ) 42
( 615 , 306 ) 28
( 615 , 264 ) 21
( 615 , 328 ) 4
( 615 , 280 ) 46
( 616 , 101 ) 40
( 616 , 225 ) 18
( 616 , 311 ) 7
( 616 , 94 ) 33
( 617 , 718 ) 37
( 617 , 64 ) 26
( 617 , 598 ) 27
( 617 , 52 ) 2
( 618 , 136 ) 41
( 618 , 69 ) 29
( 618 , 43 ) 40
( 618 , 478 ) 14
( 619 , 446 ) 20
( 619 , 456 ) 23
( 619 , 113 ) 49
( 619 , 164 ) 45
( 620 , 127 ) 50
( 620 , 252 ) 11
( 620 , 418 ) 36
( 620 , 430 ) 11
( 621 , 339 ) 9
( 621 , 601 ) 3
( 621 , 159 ) 18
( 621 , 572 ) 17
( 622 , 578 ) 34
( 622 , 652 ) 19
( 622 , 426 ) 2
( 622 , 52 ) 37
( 623 , 547 ) 35
( 623 , 381 ) 32
( 623 , 682 ) 27
( 623 , 575 ) 43
( 624 , 360 ) 10
( 624 , 297 ) 19
( 624 , 394 ) 39
( 624 , 356 ) 25
( 625 , 619 ) 26
( 625 , 212 ) 43
( 625 , 282 ) 18
( 625 , 273 ) 20
( 626 , 386 ) 21
( 626 , 389 ) 5
( 626 , 448 ) 7
( 626 , 308 ) 19
( 627 , 419 ) 48
( 627 , 603 ) 50
( 627 , 149 ) 36
( 627 , 84 ) 2
( 628 , 3 ) 20
( 628 , 36 ) 49
( 628 , 658 ) 35
( 628 , 649 ) 13
( 629 , 112 ) 42
( 629 , 4 ) 26
( 629 , 223 ) 47
( 629 , 13 ) 8
( 630 , 699 ) 18
( 630 , 650 ) 33
( 630 , 485 ) 9
( 630 , 282 ) 4
( 631 , 276 ) 10
( 631 , 8 ) 1
( 631 , 294 ) 33
( 631 , 449 ) 6
( 632 , 562 ) 6
( 632 , 305 ) 41
( 632 , 196 ) 39
( 632 , 59 ) 43
( 633 , 582 ) 4
( 633 , 246 ) 4
( 633 , 644 ) 35
( 633 , 117 ) 50
( 634 , 726 ) 2
( 634 , 354 ) 23
( 634 , 243 ) 15
( 634 , 550 ) 8
( 635 , 554 ) 47
( 635 , 60 ) 12
( 635 , 661 ) 35
( 635 , 523 ) 38
( 636 , 373 ) 26
( 636 , 368 ) 5
( 636 , 709 ) 43
( 636 , 223 ) 43
( 637 , 444 ) 21
( 637 , 65 ) 27
( 637 , 586 ) 36
( 637 , 226 ) 15
( 638 , 628 ) 8
( 638 , 421 ) 25
( 638 , 651 ) 20
( 638 , 353 ) 28
( 639 , 565 ) 36
( 639 , 652 ) 44
( 639 , 705 ) 41
( 639 , 10 ) 42
( 640 , 108 ) 49
( 640 , 541 ) 20
( 640 , 278 ) 2
( 640 , 173 ) 33
( 641 , 633 ) 49
( 641 , 703 ) 37
( 641 , 647 ) 24
( 641 , 107 ) 46
( 642 , 241 ) 36
( 642 , 15 ) 30
( 642 , 476 ) 4
( 642 , 475 ) 21
( 643 , 604 ) 25
( 643 , 579 ) 30
( 643 , 447 ) 41
( 643 , 194 ) 22
( 644 , 117 ) 38
( 644 , 295 ) 38
( 644 , 577 ) 13
( 644 , 296 ) 3
( 645 , 80 ) 37
( 645 , 74 ) 24
( 645 , 459 ) 29
( 645 , 375 ) 18
( 646 , 353 ) 47
( 646 , 226 ) 33
( 646 , 653 ) 2
( 646 , 402 ) 11
( 647 , 534 ) 49
( 647 , 596 ) 22
( 647 , 7 ) 23
( 647 , 331 ) 25
( 648 , 204 ) 49
( 648 , 226 ) 27
( 648 , 201 ) 4
( 648 , 557 ) 11
( 649 , 308 ) 28
( 649 , 317 ) 50
( 649 , 405 ) 23
( 649 , 309 ) 46
( 650 , 587 ) 46
( 650 , 462 ) 44
( 650 , 466 ) 30
( 650 , 431 ) 40
( 651 , 551 ) 11
( 651 , 543 ) 10
( 651 , 33 ) 34
( 651 , 418 ) 33
( 652 , 578 ) 3
( 652 , 703 ) 10
( 652 , 685 ) 30
( 652 , 206 ) 37
( 653 , 184 ) 44
( 653 , 357 ) 31
( 653 , 89 ) 30
( 653 , 5 ) 29
( 654 , 245 ) 31
( 654 , 600 ) 15
( 654 , 638 ) 35
( 654 , 218 ) 4
( 655 , 416 ) 33
( 655 , 691 ) 17
( 655 , 432 ) 17
( 655 , 682 ) 31
( 656 , 212 ) 47
( 656 , 416 ) 28
( 656 , 525 ) 24
( 656 , 70 ) 11
( 657 , 363 ) 3
( 657 , 353 ) 4
( 657 , 412 ) 47
( 657 , 481 ) 37
( 658 , 232 ) 32
( 658 , 290 ) 14
( 658 , 422 ) 2
( 658 , 306 ) 38
( 659 , 147 ) 12
( 659 , 284 ) 39
( 659 , 329 ) 10
( 659 , 635 ) 7
( 660 , 600 ) 39
( 660 , 598 ) 31
( 660 , 348 ) 14
( 660 , 370 ) 16
( 661 , 265 ) 16
( 661 , 166 ) 36
( 661 , 110 ) 35
( 661 , 543 ) 26
( 662 , 329 ) 23
( 662 , 345 ) 46
( 662 , 405 ) 2
( 662 , 669 ) 44
( 663 , 132 ) 25
( 663 , 603 ) 42
( 663 , 147 ) 46
( 663 , 714 ) 35
( 664 , 648 ) 16
( 664 , 257 ) 31
( 664 , 7 ) 22
( 664 , 683 ) 41
( 665 , 407 ) 38
( 665 , 236 ) 6
( 665 , 709 ) 47
( 665 , 725 ) 6
( 666 , 722 ) 19
( 666 , 662 ) 21
( 666 , 356 ) 25
( 666 , 523 ) 28
( 667 , 216 ) 6
( 667 , 407 ) 25
( 667 , 405 ) 50
( 667 , 709 ) 10
( 668 , 177 ) 26
( 668 , 139 ) 14
( 668 , 720 ) 33
( 668 , 90 ) 46
( 669 , 68 ) 40
( 669 , 631 ) 22
( 669 , 78 ) 17
( 669 , 77 ) 40
( 670 , 322 ) 32
( 670 , 34 ) 33
( 670 , 66 ) 49
( 670 , 50 ) 49
( 671 , 608 ) 7
( 671 , 418 ) 10
( 671 , 656 ) 28
( 671 , 462 ) 12
( 672 , 144 ) 14
( 672 , 115 ) 36
( 672 , 11 ) 42
( 672 , 525 ) 5
( 673 , 392 ) 33
( 673 , 541 ) 16
( 673 , 296 ) 23
( 673 , 32 ) 26
( 674 , 561 ) 38
( 674 , 98 ) 13
( 674 , 624 ) 40
( 674 , 242 ) 18
( 675 , 397 ) 20
( 675 , 406 ) 20
( 675 , 440 ) 49
( 675 , 44 ) 42
( 676 , 267 ) 1
( 676 , 483 ) 3
( 676 , 383 ) 8
( 676 , 510 ) 17
( 677 , 521 ) 7
( 677 , 276 ) 39
( 677 , 625 ) 20
( 677 , 687 ) 16
( 678 , 211 ) 5
( 678 , 620 ) 14
( 678 , 150 ) 28
( 678 , 30 ) 3
( 679 , 346 ) 50
( 679 , 569 ) 1
( 679 , 50 ) 38
( 679 , 307 ) 4
( 680 , 635 ) 33
( 680 , 629 ) 29
( 680 , 716 ) 14
( 680 , 147 ) 48
( 681 , 694 ) 48
( 681 , 654 ) 28
( 681 , 53 ) 27
( 681 , 729 ) 14
( 682 , 565 ) 30
( 682 , 454 ) 8
( 682 , 360 ) 19
( 682 , 614 ) 4
( 683 , 94 ) 13
( 683 , 192 ) 47
( 683 , 308 ) 19
( 683 , 727 ) 20
( 684 , 99 ) 43
( 684 , 366 ) 26
( 684 , 493 ) 6
( 684 , 315 ) 18
( 685 , 678 ) 21
( 685 , 119 ) 40
( 685 , 580 ) 37
( 685 , 462 ) 48
( 686 , 368 ) 5
( 686 , 451 ) 33
( 686 , 38 ) 18
( 686 , 364 ) 42
( 687 , 305 ) 3
( 687 , 449 ) 11
( 687 , 600 ) 29
( 687 , 210 ) 1
( 688 , 65 ) 32
( 688 , 708 ) 48
( 688 , 569 ) 28
( 688 , 558 ) 50
( 689 , 537 ) 17
( 689 , 459 ) 35
( 689 , 363 ) 6
( 689 , 350 ) 11
( 690 , 697 ) 48
( 690 , 361 ) 19
( 690 , 687 ) 4
( 690 , 32 ) 45
( 691 , 442 ) 11
( 691 , 63 ) 29
( 691 , 152 ) 43
( 691 , 703 ) 43
( 692 , 704 ) 2
( 692 , 255 ) 29
( 692 , 325 ) 15
( 692 , 539 ) 6
( 693 , 703 ) 38
( 693 , 215 ) 41
( 693 , 573 ) 6
( 693 , 99 ) 18
( 694 , 87 ) 9
( 694 , 516 ) 30
( 694 , 224 ) 2
( 694 , 458 ) 37
( 695 , 336 ) 4
( 695 , 490 ) 7
( 695 , 436 ) 21
( 695 , 590 ) 46
( 696 , 367 ) 15
( 696 , 226 ) 44
( 696 , 514 ) 48
( 696 , 120 ) 12
( 697 , 296 ) 1
( 697 , 35 ) 44
( 697 , 649 ) 15
( 697 , 418 ) 36
( 698 , 316 ) 45
( 698 , 218 ) 30
( 698 , 85 ) 50
( 698 , 377 ) 18
( 699 , 41 ) 42
( 699 , 661 ) 2
( 699 , 537 ) 13
( 699 , 602 ) 46
( 700 , 544 ) 44
( 700 , 232 ) 4
( 700 , 341 ) 3
( 700 , 632 ) 19
( 701 , 375 ) 30
( 701 , 199 ) 10
( 701 , 163 ) 8
( 701 , 602 ) 3
( 702 , 507 ) 29
( 702 , 659 ) 9
( 702 , 162 ) 44
( 702 , 142 ) 5
( 703 , 707 ) 49
( 703 , 12 ) 47
( 703 , 293 ) 36
( 703 , 23 ) 46
( 704 , 214 ) 42
( 704 , 278 ) 39
( 704 , 420 ) 1
( 704 , 610 ) 13
( 705 , 689 ) 50
( 705 , 723 ) 15
( 705 , 603 ) 18
( 705 , 35 ) 43
( 706 , 113 ) 10
( 706 , 2 ) 23
( 706 , 331 ) 47
( 706 , 154 ) 17
( 707 , 99 ) 14
( 707 , 711 ) 41
( 707 , 184 ) 45
( 707 , 557 ) 9
( 708 , 689 ) 38
( 708 , 145 ) 49
( 708 , 546 ) 41
( 708 , 169 ) 15
( 709 , 589 ) 22
( 709 , 16 ) 33
( 709 , 674 ) 30
( 709 , 406 ) 33
( 710 , 231 ) 12
( 710 , 412 ) 48
( 710 , 308 ) 10
( 710 , 245 ) 30
( 711 , 612 ) 13
( 711 , 251 ) 18
( 711 , 564 ) 13
( 711 , 275 ) 11
( 712 , 43 ) 5
( 712 , 45 ) 35
( 712 , 466 ) 31
( 712 , 352 ) 35
( 713 , 523 ) 26
( 713 , 489 ) 24
( 713 , 339 ) 17
( 713 , 651 ) 21
( 714 , 175 ) 41
( 714 , 148 ) 30
( 714 , 633 ) 2
( 714 , 366 ) 20
( 715 , 638 ) 38
( 715 , 202 ) 48
( 715 , 351 ) 19
( 715 , 394 ) 18
( 716 , 254 ) 13
( 716 , 40 ) 39
( 716 , 637 ) 46
( 716 , 60 ) 33
( 717 , 433 ) 17
( 717 , 29 ) 24
( 717 , 277 ) 33
( 717 , 554 ) 37
( 718 , 285 ) 50
( 718 , 273 ) 2
( 718 , 117 ) 16
( 718 , 593 ) 49
( 719 , 247 ) 9
( 719 , 489 ) 27
( 719 , 527 ) 23
( 719 , 724 ) 31
( 720 , 715 ) 10
( 720 , 586 ) 37
( 720 , 593 ) 49
( 720 , 429 ) 8
( 721 , 591 ) 12
( 721 , 599 ) 50
( 721 , 314 ) 27
( 721 , 640 ) 22
( 722 , 429 ) 14
( 722 , 709 ) 15
( 722 , 582 ) 40
( 722 , 320 ) 18
( 723 , 643 ) 7
( 723 , 84 ) 31
( 723 , 527 ) 29
( 723 , 393 ) 40
( 724 , 347 ) 37
( 724 , 458 ) 39
( 724 , 655 ) 20
( 724 , 607 ) 12
( 725 , 34 ) 22
( 725 , 256 ) 21
( 725 , 261 ) 26
( 725 , 209 ) 12
( 726 , 40 ) 42
( 726 , 502 ) 29
( 726 , 46 ) 24
( 726 , 559 ) 30
( 727 , 300 ) 7
( 727 , 503 ) 41
( 727 , 499 ) 36
( 727 , 184 ) 17
( 728 , 555 ) 15
( 728 , 354 ) 28
( 728 , 289 ) 15
( 728 , 627 ) 33
( 729 , 427 ) 19
( 729 , 478 ) 14
( 729 , 606 ) 35
( 729 , 66 ) 50
