( 1 , 643 ) 12
( 1 , 691 ) 25
( 1 , 423 ) 40
( 1 , 717 ) 37
( 2 , 571 ) 21
( 2 , 720 ) 6
( 2 , 435 ) 5
( 2 , 228 ) 30
( 3 , 677 ) 24
( 3 , 612 ) 27
( 3 , 714 ) 25
( 3 , 608 ) 42
( 4 , 586 ) 34
( 4 , 720 ) 22
( 4 , 131 ) 37
( 4 , 703 ) 32
( 5 , 194 ) 38
( 5 , 88 ) 34
( 5 , 387 ) 6
( 5 , 195 ) 10
( 6 , 586 ) 37
( 6 , 679 ) 22
( 6 , 28 ) 28
( 6 , 1 ) 9
( 7 , 426 ) 2
( 7 , 40 ) 40
( 7 , 32 ) 30
( 7 , 296 ) 23
( 8 , 579 ) 41
( 8 , 80 ) 7
( 8 , 214 ) 43
( 8 , 207 ) 18
( 9 , 203 ) 6
( 9 , 378 ) 32
( 9 , 468 ) 1
( 9 , 458 ) 25
( 10 , 635 ) 44
( 10 , 100 ) 1
( 10 , 445 ) 35
( 10 , 429 ) 23
( 11 , 231 ) 40
( 11 , 267 ) 29
( 11 , 203 ) 14
( 11 , 26 ) 27
( 12 , 651 ) 8
( 12 , 449 ) 43
( 12 , 674 ) 42
( 12 , 124 ) 23
( 13 , 486 ) 13
( 13 , 77 ) 18
( 13 , 297 ) 12
( 13 , 51 ) 10
( 14 , 146 ) 10
( 14 , 409 ) 30
( 14 , 618 ) 17
( 14 , 429 ) 1
( 15 , 40 ) 37
( 15 , 590 ) 24
( 15 , 362 ) 37
( 15 , 174 ) 17
( 16 , 20 ) 17
( 16 , 118 ) 39
( 16 , 364 ) 11
( 16 , 165 ) 13
( 17 , 394 ) 7
( 17 , 213 ) 31
( 17 , 660 ) 24
( 17 , 455 ) 3
( 18 , 237 ) 3
( 18 , 371 ) 15
( 18 , 705 ) 44
( 18 , 544 ) 43
( 19 , 63 ) 24
( 19 , 88 ) 6
( 19 , 178 ) 47
( 19 , 406 ) 20
( 20 , 205 ) 4
( 20 , 694 ) 33
( 20 , 58 ) 12
( 20 , 57 ) 25
( 21 , 198 ) 50
( 21 , 721 ) 50
( 21 , 72 ) 27
( 21 , 174 ) 48
( 22 , 63 ) 23
( 22 , 716 ) 3
( 22 , 673 ) 4
( 22 , 490 ) 9
( 23 , 630 ) 12
( 23 , 353 ) 3
( 23 , 583 ) 37
( 23 , 330 ) 33
( 24 , 185 ) 2
( 24 , 502 ) 3
( 24 , 409 ) 23
( 24 , 312 ) 38
( 25 , 394 ) 37
( 25 , 477 ) 31
( 25 , 538 ) 38
( 25 , 30 ) 46
( 26 , 429 ) 2
( 26 , 316 ) 2
( 26 , 405 ) 45
( 26 , 40 ) 14
( 27 , 220 ) 44
( 27 , 460 ) 47
( 27 , 244 ) 49
( 27 , 448 ) 13
( 28 , 440 ) 22
( 28 , 453 ) 33
( 28 , 495 ) 3
( 28 , 729 ) 23
( 29 , 212 ) 28
( 29 , 215 ) 17
( 29 , 225 ) 41
( 29 , 95 ) 7
( 30 , 140 ) 5
( 30 , 665 ) 41
( 30 , 358 ) 20
( 30 , 515 ) 16
( 31 , 268 ) 48
( 31 , 615 ) 43
( 31 , 511 ) 45
( 31 , 439 ) 38
( 32 , 291 ) 50
( 32 , 328 ) 48
( 32 , 657 ) 42
( 32 , 395 ) 39
( 33 , 565 ) 32
( 33 , 340 ) 26
( 33 , 135 ) 36
( 33 , 457 ) 47
( 34 , 493 ) 44
( 34 , 707 ) 8
( 34 , 722 ) 11
( 34 , 189 ) 12
( 35 , 401 ) 49
( 35 , 658 ) 8
( 35 , 504 ) 13
( 35 , 72 ) 43
( 36 , 671 ) 11
( 36 , 455 ) 12
( 36 , 352 ) 17
( 36 , 564 ) 6
( 37 , 296 ) 25
( 37 , 161 ) 19
( 37 , 235 ) 7
( 37 , 532 ) 40
( 38 , 638 ) 16
( 38 , 437 ) 28
( 38 , 222 ) 2
( 38 , 454 ) 23
( 39 , 248 ) 23
( 39 , 133 ) 28
( 39 , 495 ) 29
( 39 , 520 ) 41
( 40 , 553 ) 3
( 40 , 611 ) 50
( 40 , 302 ) 16
( 40 , 467 ) 29
( 41 , 81 ) 16
( 41 , 118 ) 12
( 41 , 449 ) 50
( 41 , 404 ) 17
( 42 , 24 ) 50
( 42 , 365 ) 6
( 42 , 230 ) 40
( 42 , 420 ) 26
( 43 , 581 ) 42
( 43 , 374 ) 29
( 43 , 675 ) 13
( 43 , 164 ) 33
( 44 , 633 ) 2
( 44 , 429 ) 42
( 44 , 419 ) 30
( 44 , 628 ) 8
( 45 , 602 ) 25
( 45 , 284 ) 44
( 45 , 543 ) 45
( 45 , 251 ) 14
( 46 , 555 ) 36
( 46 , 520 ) 48
( 46 , 505 ) 35
( 46 , 711 ) 26
( 47 , 99 ) 28
( 47 , 195 ) 34
( 47 , 313 ) 37
( 47 , 247 ) 26
( 48 , 226 ) 2
( 48 , 485 ) 41
( 48 , 383 ) 27
( 48 , 237 ) 17
( 49 , 727 ) 26
( 49 , 403 ) 30
( 49 , 54 ) 38
( 49 , 304 ) 30
( 50 , 530 ) 36
( 50 , 679 ) 4
( 50 , 725 ) 21
( 50 , 546 ) 49
( 51 , 534 ) 21
( 51 , 268 ) 35
( 51 , 55 ) 22
( 51 , 606 ) 37
( 52 , 408 ) 43
( 52 , 373 ) 26
( 52 , 485 ) 13
( 52 , 728 ) 33
( 53 , 133 ) 21
( 53 , 656 ) 25
( 53 , 624 ) 10
( 53 , 699 ) 31
( 54 , 79 ) 40
( 54 , 288 ) 17
( 54 , 299 ) 22
( 54 , 545 ) 28
( 55 , 348 ) 7
( 55 , 209 ) 47
( 55 , 278 ) 20
( 55 , 369 ) 21
( 56 , 256 ) 19
( 56 , 123 ) 16
( 56 , 58 ) 38
( 56 , 560 ) 15
( 57 , 294 ) 16
( 57 , 92 ) 42
( 57 , 21 ) 1
( 57 , 282 ) 30
( 58 , 181 ) 24
( 58 , 580 ) 31
( 58 , 50 ) 50
( 58 , 690 ) 19
( 59 , 233 ) 4
( 59 , 33 ) 47
( 59 , 586 ) 16
( 59 , 172 ) 43
( 60 , 459 ) 34
( 60 , 54 ) 20
( 60 , 612 ) 22
( 60 , 436 ) 21
( 61 , 536 ) 46
( 61 , 309 ) 17
( 61 , 229 ) 21
( 61 , 717 ) 42
( 62 , 545 ) 25
( 62 , 305 ) 35
( 62 , 535 ) 30
( 62 , 250 ) 41
( 63 , 488 ) 34
( 63 , 81 ) 30
( 63 , 280 ) 29
( 63 , 560 ) 42
( 64 , 549 ) 28
( 64 , 193 ) 37
( 64 , 401 ) 48
( 64 , 380 ) 19
( 65 , 491 ) 11
( 65 , 502 ) 9
( 65 , 272 ) 46
( 65 , 154 ) 10
( 66 , 376 ) 17
( 66 , 729 ) 8
( 66 , 40 ) 35
( 66 , 701 ) 30
( 67 , 108 ) 44
( 67 , 364 ) 21
( 67 , 72 ) 37
( 67 , 92 ) 10
( 68 , 138 ) 24
( 68 , 237 ) 10
( 68 , 551 ) 47
( 68 , 399 ) 36
( 69 , 49 ) 10
( 69 , 80 ) 2
( 69 , 292 ) 50
( 69 , 256 ) 15
( 70 , 605 ) 33
( 70 , 675 ) 19
( 70 , 304 ) 43
( 70 , 616 ) 33
( 71 , 466 ) 36
( 71 , 641 ) 31
( 71 , 519 ) 10
( 71 , 112 ) 18
( 72 , 632 ) 38
( 72 , 175 ) 19
( 72 , 534 ) 19
( 72 , 516 ) 23
( 73 , 642 ) 45
( 73 , 458 ) 24
( 73 , 458 ) 5
( 73 , 700 ) 12
( 74 , 89 ) 31
( 74 , 21 ) 45
( 74 , 724 ) 23
( 74 , 9 ) 3
( 75 , 207 ) 40
( 75 , 227 ) 47
( 75 , 491 ) 26
( 75 , 634 ) 25
( 76 , 675 ) 26
( 76 , 540 ) 35
( 76 , 437 ) 27
( 76 , 79 ) 20
( 77 , 281 ) 11
( 77 , 423 ) 4
( 77 , 599 ) 17
( 77 , 343 ) 34
( 78 , 101 ) 44
( 78 , 465 ) 3
( 78 , 576 ) 15
( 78 , 441 ) 36
( 79 , 391 ) 4
( 79 , 298 ) 15
( 79 , 158 ) 15
( 79 , 156 ) 46
( 80 , 486 ) 4
( 80 , 699 ) 22
( 80 , 111 ) 1
( 80 , 640 ) 24
( 81 , 233 ) 8
( 81 , 623 ) 15
( 81 , 500 ) 23
( 81 , 242 ) 49
( 82 , 681 ) 24
( 82 , 537 ) 18
( 82 , 328 ) 21
( 82 , 577 ) 49
( 83 , 156 ) 26
( 83 , 316 ) 50
( 83 , 338 ) 24
( 83 , 185 ) 24
( 84 , 583 ) 24
( 84 , 381 ) 16
( 84 , 22 ) 19
( 84 , 159 ) 23
( 85 , 310 ) 47
( 85 , 681 ) 21
( 85 , 554 ) 8
( 85 , 127 ) 50
( 86 , 676 ) 19
( 86 , 547 ) 37
( 86 , 403 ) 13
( 86 , 516 ) 32
( 87 , 212 ) 32
( 87 , 723 ) 46
( 87 , 199 ) 45
( 87 , 712 ) 40
( 88 , 291 ) 16
( 88 , 480 ) 44
( 88 , 440 ) 7
( 88 , 149 ) 15
( 89 , 700 ) 40
( 89 , 549 ) 26
( 89 , 85 ) 26
( 89 , 399 ) 26
( 90 , 433 ) 46
( 90 , 479 ) 34
( 90 , 266 ) 7
( 90 , 414 ) 38
( 91 , 76 ) 2
( 91 , 288 ) 19
( 91 , 134 ) 22
( 91 , 398 ) 49
( 92 , 436 ) 32
( 92 , 106 ) 41
( 92 , 97 ) 43
( 92 , 100 ) 34
( 93 , 249 ) 12
( 93 , 615 ) 41
( 93 , 633 ) 12
( 93 , 18 ) 50
( 94 , 638 ) 1
( 94 , 716 ) 38
( 94 , 27 ) 21
( 94 , 406 ) 5
( 95 , 148 ) 13
( 95 , 252 ) 40
( 95 , 496 ) 47
( 95 , 726 ) 49
( 96 , 722 ) 17
( 96 , 149 ) 47
( 96 , 408 ) 36
( 96 , 174 ) 25
( 97 , 218 ) 9
( 97 , 172 ) 50
( 97 , 593 ) 14
( 97 , 148 ) 5
( 98 , 15 ) 15
( 98 , 508 ) 4
( 98 , 259 ) 8
( 98 , 26 ) 46
( 99 , 324 ) 20
( 99 , 146 ) 10
( 99 , 636 ) 28
( 99 , 390 ) 23
( 100 , 241 ) 17
( 100 , 518 ) 28
( 100 , 449 ) 40
( 100 , 587 ) 38
( 101 , 598 ) 38
( 101 , 296 ) 14
( 101 , 352 ) 32
( 101 , 585 ) 48
( 102 , 247 ) 19
( 102 , 348 ) 23
( 102 , 688 ) 12
( 102 , 172 ) 2
( 103 , 728 ) 35
( 103 , 555 ) 13
( 103 , 594 ) 21
( 103 , 254 ) 50
( 104 , 573 ) 28
( 104 , 681 ) 43
( 104 , 633 ) 32
( 104 , 114 ) 32
( 105 , 150 ) 39
( 105 , 426 ) 15
( 105 , 180 ) 46
( 105 , 378 ) 28
( 106 , 477 ) 37
( 106 , 248 ) 16
( 106 , 264 ) 32
( 106 , 337 ) 48
( 107 , 217 ) 31
( 107 , 276 ) 45
( 107 , 103 ) 16
( 107 , 392 ) 15
( 108 , 499 ) 10
( 108 , 579 ) 20
( 108 , 450 ) 33
( 108 , 425 ) 23
( 109 , 13 ) 19
( 109 , 252 ) 11
( 109 , 189 ) 38
( 109 , 13 ) 15
( 110 , 728 ) 32
( 110 , 697 ) 8
( 110 , 477 ) 33
( 110 , 70 ) 23
( 111 , 22 ) 46
( 111 , 696 ) 9
( 111 , 348 ) 1
( 111 , 354 ) 9
( 112 , 483 ) 23
( 112 , 482 ) 46
( 112 , 693 ) 13
( 112 , 330 ) 48
( 113 , 93 ) 35
( 113 , 593 ) 15
( 113 , 299 ) 3
( 113 , 67 ) 22
( 114 , 411 ) 13
( 114 , 396 ) 32
( 114 , 693 ) 25
( 114 , 394 ) 18
( 115 , 148 ) 18
( 115 , 682 ) 49
( 115 , 20 ) 12
( 115 , 249 ) 47
( 116 , 526 ) 9
( 116 , 364 ) 34
( 116 , 578 ) 44
( 116 , 187 ) 40
( 117 , 450 ) 38
( 117 , 481 ) 34
( 117 , 274 ) 35
( 117 , 405 ) 17
( 118 , 42 ) 5
( 118 , 484 ) 44
( 118 , 670 ) 20
( 118 , 125 ) 34
( 119 , 55 ) 35
( 119 , 159 ) 14
( 119 , 722 ) 20
( 119 , 354 ) 22
( 120 , 14 ) 42
( 120 , 528 ) 1
( 120 , 549 ) 42
( 120 , 223 ) 2
( 121 , 717 ) 33
( 121 , 150 ) 12
( 121 , 526 ) 11
( 121 , 105 ) 13
( 122 , 177 ) 29
( 122 , 464 ) 9
( 122 , 119 ) 28
( 122 , 357 ) 47
( 123 , 164 ) 50
( 123 , 254 ) 10
( 123 , 143 ) 41
( 123 , 193 ) 43
( 124 , 93 ) 46
( 124 , 255 ) 8
( 124 , 203 ) 11
( 124 , 137 ) 29
( 125 , 604 ) 6
( 125 , 89 ) 1
( 125 , 432 ) 10
( 125 , 599 ) 8
( 126 , 253 ) 45
( 126 , 161 ) 31
( 126 , 706 ) 43
( 126 , 705 ) 36
( 127 , 354 ) 45
( 127 , 233 ) 23
( 127 , 188 ) 10
( 127 , 694 ) 19
( 128 , 530 ) 9
( 128 , 647 ) 38
( 128 , 401 ) 50
( 128 , 228 ) 4
( 129 , 160 ) 8
( 129 , 528 ) 46
( 129 , 91 ) 2
( 129 , 271 ) 43
( 130 , 516 ) 6
( 130 , 532 ) 39
( 130 , 337 ) 22
( 130 , 74 ) 8
( 131 , 3 ) 41
( 131 , 491 ) 37
( 131 , 460 ) 28
( 131 , 725 ) 26
( 132 , 665 ) 38
( 132 , 326 ) 14
( 132 , 499 ) 24
( 132 , 194 ) 6
( 133 , 243 ) 37
( 133 , 568 ) 15
( 133 , 102 ) 49
( 133 , 512 ) 19
( 134 , 16 ) 16
( 134 , 672 ) 3
( 134 , 441 ) 21
( 134 , 338 ) 8
( 135 , 64 ) 37
( 135 , 364 ) 34
( 135 , 404 ) 23
( 135 , 629 ) 15
( 136 , 63 ) 15
( 136 , 392 ) 36
( 136 , 282 ) 17
( 136 , 439 ) 17
( 137 , 551 ) 44
( 137 , 512 ) 31
( 137 , 140 ) 3
( 137 , 617 ) 40
( 138 , 255 ) 29
( 138 , 113 ) 31
( 138 , 687 ) 11
( 138 , 398 ) 9
( 139 , 331 ) 29
( 139 , 282 ) 35
( 139 , 728 ) 11
( 139 , 655 ) 15
( 140 , 593 ) 47
( 140 , 269 ) 41
( 140 , 179 ) 8
( 140 , 620 ) 44
( 141 , 211 ) 11
( 141 , 222 ) 29
( 141 , 491 ) 22
( 141 , 515 ) 21
( 142 , 664 ) 45
( 142 , 244 ) 25
( 142 , 42 ) 18
( 142 , 49 ) 18
( 143 , 60 ) 17
( 143 , 345 ) 47
( 143 , 567 ) 7
( 143 , 524 ) 7
( 144 , 15 ) 1
( 144 , 359 ) 23
( 144 , 428 ) 43
( 144 , 487 ) 35
( 145 , 29 ) 49
( 145 , 729 ) 44
( 145 , 557 ) 27
( 145 , 192 ) 46
( 146 , 173 ) 50
( 146 , 670 ) 44
( 146 , 86 ) 27
( 146 , 450 ) 6
( 147 , 193 ) 11
( 147 , 361 ) 26
( 147 , 281 ) 3
( 147 , 594 ) 18
( 148 , 651 ) 10
( 148 , 82 ) 24
( 148 , 417 ) 16
( 148 , 532 ) 30
( 149 , 277 ) 25
( 149 , 581 ) 9
( 149 , 311 ) 19
( 149 , 487 ) 12
( 150 , 161 ) 26
( 150 , 552 ) 16
( 150 , 130 ) 8
( 150 , 589 ) 15
( 151 , 291 ) 11
( 151 , 427 ) 11
( 151 , 150 ) 10
( 151 , 473 ) 9
( 152 , 677 ) 21
( 152 , 26 ) 15
( 152 , 71 ) 5
( 152 , 539 ) 4
( 153 , 722 ) 45
( 153 , 76 ) 11
( 153 , 263 ) 18
( 153 , 616 ) 37
( 154 , 630 ) 23
( 154 , 294 ) 17
( 154 , 714 ) 11
( 154 , 313 ) 44
( 155 , 291 ) 41
( 155 , 384 ) 34
( 155 , 259 ) 40
( 155 , 663 ) 5
( 156 , 573 ) 20
( 156 , 261 ) 1
( 156 , 580 ) 4
( 156 , 268 ) 14
( 157 , 593 ) 40
( 157 , 677 ) 27
( 157 , 75 ) 25
( 157 , 725 ) 46
( 158 , 496 ) 37
( 158 , 625 ) 9
( 158 , 144 ) 39
( 158 , 140 ) 47
( 159 , 210 ) 47
( 159 , 401 ) 21
( 159 , 538 ) 18
( 159 , 151 ) 34
( 160 , 426 ) 36
( 160 , 716 ) 6
( 160 , 174 ) 6
( 160 , 265 ) 20
( 161 , 39 ) 18
( 161 , 564 ) 11
( 161 , 712 ) 40
( 161 , 173 ) 6
( 162 , 179 ) 32
( 162 , 449 ) 45
( 162 , 69 ) 8
( 162 , 605 ) 10
( 163 , 327 ) 18
( 163 , 354 ) 17
( 163 , 725 ) 18
( 163 , 53 ) 49
( 164 , 440 ) 30
( 164 , 113 ) 12
( 164 , 459 ) 31
( 164 , 362 ) 20
( 165 , 163 ) 38
( 165 , 581 ) 18
( 165 , 720 ) 29
( 165 , 489 ) 41
( 166 , 398 ) 23
( 166 , 605 ) 4
( 166 , 632 ) 31
( 166 , 109 ) 32
( 167 , 383 ) 16
( 167 , 482 ) 43
( 167 , 473 ) 30
( 167 , 232 ) 44
( 168 , 317 ) 48
( 168 , 490 ) 8
( 168 , 700 ) 4
( 168 , 448 ) 7
( 169 , 110 ) 24
( 169 , 362 ) 19
( 169 , 715 ) 38
( 169 , 410 ) 46
( 170 , 603 ) 50
( 170 , 30 ) 19
( 170 , 329 ) 9
( 170 , 681 ) 12
( 171 , 346 ) 27
( 171 , 658 ) 29
( 171 , 668 ) 42
( 171 , 416 ) 23
( 172 , 679 ) 19
( 172 , 714 ) 10
( 172 , 77 ) 16
( 172 , 425 ) 31
( 173 , 633 ) 31
( 173 , 55 ) 17
( 173 , 500 ) 16
( 173 , 40 ) 29
( 174 , 398 ) 11
( 174 , 251 ) 17
( 174 , 377 ) 2
( 174 , 100 ) 34
( 175 , 338 ) 27
( 175 , 462 ) 10
( 175 , 576 ) 45
( 175 , 464 ) 7
( 176 , 223 ) 19
( 176 , 706 ) 3
( 176 , 497 ) 35
( 176 , 141 ) 31
( 177 , 529 ) 50
( 177 , 96 ) 13
( 177 , 341 ) 7
( 177 , 376 ) 17
( 178 , 417 ) 28
( 178 , 352 ) 48
( 178 , 451 ) 26
( 178 , 428 ) 42
( 179 , 14 ) 34
( 179 , 532 ) 28
( 179 , 115 ) 39
( 179 , 139 ) 31
( 180 , 717 ) 38
( 180 , 24 ) 16
( 180 , 27 ) 49
( 180 , 263 ) 20
( 181 , 241 ) 34
( 181 , 629 ) 44
( 181 , 348 ) 24
( 181 , 96 ) 30
( 182 , 718 ) 13
( 182 , 472 ) 16
( 182 , 655 ) 5
( 182 , 172 ) 3
( 183 , 642 ) 38
( 183 , 518 ) 1
( 183 , 391 ) 11
( 183 , 101 ) 33
( 184 , 435 ) 3
( 184 , 117 ) 50
( 184 , 184 ) 44
( 184 , 54 ) 35
( 185 , 474 ) 36
( 185 , 10 ) 5
( 185 , 550 ) 9
( 185 , 196 ) 27
( 186 , 55 ) 3
( 186 , 383 ) 22
( 186 , 391 ) 1
( 186 , 697 ) 41
( 187 , 107 ) 25
( 187 , 399 ) 20
( 187 , 242 ) 32
( 187 , 183 ) 11
( 188 , 214 ) 2
( 188 , 576 ) 50
( 188 , 294 ) 4
( 188 , 214 ) 23
( 189 , 632 ) 26
( 189 , 606 ) 49
( 189 , 52 ) 7
( 189 , 153 ) 45
( 190 , 398 ) 21
( 190 , 296 ) 18
( 190 , 250 ) 6
( 190 , 583 ) 37
( 191 , 93 ) 27
( 191 , 515 ) 16
( 191 , 538 ) 14
( 191 , 275 ) 4
( 192 , 130 ) 8
( 192 , 43 ) 15
( 192 , 105 ) 29
( 192 , 697 ) 15
( 193 , 343 ) 3
( 193 , 40 ) 38
( 193 , 646 ) 8
( 193 , 341 ) 5
( 194 , 186 ) 25
( 194 , 55 ) 1
( 194 , 597 ) 28
( 194 , 573 ) 32
( 195 , 324 ) 49
( 195 , 225 ) 10
( 195 , 422 ) 29
( 195 , 320 ) 22
( 196 , 709 ) 7
( 196 , 294 ) 2
( 196 , 706 ) 35
( 196 , 123 ) 24
( 197 , 119 ) 3
( 197 , 57 ) 3
( 197 , 472 ) 36
( 197 , 236 ) 24
( 198 , 350 ) 34
( 198 , 633 ) 40
( 198 , 365 ) 42
( 198 , 664 ) 19
( 199 , 678 ) 3
( 199 , 631 ) 35
( 199 , 451 ) 3
( 199 , 315 ) 50
( 200 , 293 ) 40
( 200 , 696 ) 9
( 200 , 149 ) 5
( 200 , 703 ) 16
( 201 , 5 ) 21
( 201 , 503 ) 22
( 201 , 243 ) 13
( 201 , 207 ) 7
( 202 , 476 ) 50
( 202 , 413 ) 26
( 202 , 335 ) 18
( 202 , 177 ) 5
( 203 , 640 ) 23
( 203 , 397 ) 25
( 203 , 298 ) 4
( 203 , 126 ) 33
( 204 , 516 ) 5
( 204 , 290 ) 25
( 204 , 631 ) 17
( 204 , 253 ) 46
( 205 , 237 ) 27
( 205 , 202 ) 41
( 205 , 702 ) 13
( 205 , 569 ) 19
( 206 , 379 ) 43
( 206 , 476 ) 30
( 206 , 549 ) 14
( 206 , 711 ) 49
( 207 , 504 ) 7
( 207 , 696 ) 40
( 207 , 133 ) 26
( 207 , 549 ) 18
( 208 , 139 ) 40
( 208 , 555 ) 11
( 208 , 623 ) 19
( 208 , 435 ) 15
( 209 , 549 ) 48
( 209 , 531 ) 1
( 209 , 28 ) 23
( 209 , 303 ) 46
( 210 , 136 ) 29
( 210 , 696 ) 23
( 210 , 17 ) 14
( 210 , 125 ) 20
( 211 , 100 ) 17
( 211 , 224 ) 33
( 211 , 700 ) 33
( 211 , 138 ) 16
( 212 , 409 ) 43
( 212 , 602 ) 22
( 212 , 513 ) 21
( 212 , 522 ) 26
( 213 , 63 ) 31
( 213 , 384 ) 33
( 213 , 109 ) 11
( 213 , 449 ) 49
( 214 , 707 ) 10
( 214 , 2 ) 6
( 214 , 584 ) 40
( 214 , 17 ) 26
( 215 , 138 ) 47
( 215 , 155 ) 30
( 215 , 437 ) 2
( 215 , 379 ) 22
( 216 , 577 ) 48
( 216 , 559 ) 35
( 216 , 686 ) 35
( 216 , 22 ) 24
( 217 , 424 ) 20
( 217 , 442 ) 5
( 217 , 343 ) 14
( 217 , 716 ) 13
( 218 , 326 ) 16
( 218 , 490 ) 35
( 218 , 328 ) 26
( 218 , 503 ) 50
( 219 , 98 ) 45
( 219 , 20 ) 12
( 219 , 580 ) 9
( 219 , 551 ) 27
( 220 , 122 ) 4
( 220 , 228 ) 17
( 220 , 525 ) 21
( 220 , 465 ) 14
( 221 , 479 ) 26
( 221 , 364 ) 12
( 221 , 9 ) 16
( 221 , 101 ) 47
( 222 , 408 ) 45
( 222 , 430 ) 21
( 222 , 709 ) 22
( 222 , 335 ) 48
( 223 , 491 ) 2
( 223 , 298 ) 36
( 223 , 639 ) 46
( 223 , 98 ) 43
( 224 , 132 ) 38
( 224 , 536 ) 43
( 224 , 683 ) 1
( 224 , 592 ) 39
( 225 , 29 ) 41
( 225 , 134 ) 24
( 225 , 455 ) 50
( 225 , 497 ) 2
( 226 , 295 ) 46
( 226 , 530 ) 1
( 226 , 224 ) 30
( 226 , 430 ) 17
( 227 , 409 ) 10
( 227 , 554 ) 31
( 227 , 3 ) 3
( 227 , 519 ) 39
( 228 , 502 ) 34
( 228 , 626 ) 28
( 228 , 344 ) 4
( 228 , 656 ) 16
( 229 , 487 ) 26
( 229 , 213 ) 32
( 229 , 536 ) 48
( 229 , 205 ) 49
( 230 , 323 ) 29
( 230 , 443 ) 38
( 230 , 55 ) 47
( 230 , 267 ) 15
( 231 , 708 ) 28
( 231 , 608 ) 38
( 231 , 133 ) 40
( 231 , 528 ) 43
( 232 , 514 ) 1
( 232 , 40 ) 31
( 232 , 539 ) 32
( 232 , 86 ) 5
( 233 , 688 ) 35
( 233 , 618 ) 4
( 233 , 633 ) 9
( 233 , 461 ) 37
( 234 , 364 ) 40
( 234 , 329 ) 49
( 234 , 463 ) 37
( 234 , 67 ) 50
( 235 , 278 ) 28
( 235 , 715 ) 17
( 235 , 144 ) 25
( 235 , 236 ) 7
( 236 , 481 ) 17
( 236 , 104 ) 30
( 236 , 68 ) 10
( 236 , 628 ) 19
( 237 , 239 ) 43
( 237 , 422 ) 13
( 237 , 55 ) 45
( 237 , 367 ) 22
( 238 , 367 ) 3
( 238 , 603 ) 9
( 238 , 206 ) 47
( 238 , 109 ) 26
( 239 , 317 ) 19
( 239 , 149 ) 19
( 239 , 343 ) 50
( 239 , 577 ) 4
( 240 , 138 ) 42
( 240 , 356 ) 12
( 240 , 489 ) 25
( 240 , 362 ) 48
( 241 , 541 ) 39
( 241 , 370 ) 22
( 241 , 180 ) 19
( 241 , 426 ) 31
( 242 , 546 ) 32
( 242 , 658 ) 1
( 242 , 692 ) 40
( 242 , 685 ) 2
( 243 , 134 ) 35
( 243 , 582 ) 6
( 243 , 301 ) 34
( 243 , 276 ) 3
( 244 , 215 ) 18
( 244 , 81 ) 40
( 244 , 252 ) 13
( 244 , 338 ) 24
( 245 , 233 ) 10
( 245 , 297 ) 38
( 245 , 80 ) 27
( 245 , 503 ) 50
( 246 , 614 ) 47
( 246 , 287 ) 17
( 246 , 329 ) 42
( 246 , 574 ) 30
( 247 , 614 ) 33
( 247 , 555 ) 43
( 247 , 49 ) 45
( 247 , 302 ) 40
( 248 , 61 ) 19
( 248 , 310 ) 31
( 248 , 531 ) 44
( 248 , 54 ) 32
( 249 , 331 ) 25
( 249 , 363 ) 22
( 249 , 130 ) 28
( 249 , 479 ) 6
( 250 , 472 ) 26
( 250 , 337 ) 36
( 250 , 212 ) 49
( 250 , 217 ) 50
( 251 , 24 ) 31
( 251 , 429 ) 40
( 251 , 230 ) 2
( 251 , 142 ) 47
( 252 , 93 ) 20
( 252 , 324 ) 14
( 252 , 229 ) 1
( 252 , 705 ) 3
( 253 , 584 ) 20
( 253 , 402 ) 12
( 253 , 510 ) 48
( 253 , 217 ) 1
( 254 , 249 ) 22
( 254 , 710 ) 12
( 254 , 589 ) 34
( 254 , 613 ) 44
( 255 , 397 ) 14
( 255 , 236 ) 26
( 255 , 562 ) 40
( 255 , 69 ) 29
( 256 , 115 ) 7
( 256 , 496 ) 36
( 256 , 207 ) 19
( 256 , 364 ) 3
( 257 , 275 ) 14
( 257 , 570 ) 33
( 257 , 479 ) 46
( 257 , 362 ) 26
( 258 , 191 ) 24
( 258 , 102 ) 43
( 258 , 91 ) 41
( 258 , 702 ) 33
( 259 , 342 ) 48
( 259 , 333 ) 24
( 259 , 648 ) 39
( 259 , 372 ) 48
( 260 , 233 ) 19
( 260 , 140 ) 6
( 260 , 442 ) 30
( 260 , 187 ) 9
( 261 , 333 ) 5
( 261 , 5 ) 36
( 261 , 710 ) 29
( 261 , 118 ) 28
( 262 , 77 ) 20
( 262 , 558 ) 28
( 262 , 114 ) 7
( 262 , 135 ) 16
( 263 , 195 ) 36
( 263 , 59 ) 48
( 263 , 662 ) 17
( 263 , 665 ) 5
( 264 , 630 ) 45
( 264 , 394 ) 38
( 264 , 135 ) 15
( 264 , 580 ) 3
( 265 , 423 ) 27
( 265 , 467 ) 12
( 265 , 112 ) 36
( 265 , 201 ) 15
( 266 , 717 ) 13
( 266 , 229 ) 32
( 266 , 397 ) 42
( 266 , 74 ) 26
( 267 , 405 ) 24
( 267 , 607 ) 17
( 267 , 620 ) 36
( 267 , 505 ) 43
( 268 , 370 ) 17
( 268 , 642 ) 5
( 268 , 334 ) 40
( 268 , 508 ) 26
( 269 , 360 ) 27
( 269 , 400 ) 27
( 269 , 466 ) 22
( 269 , 577 ) 48
( 270 , 10 ) 39
( 270 , 393 ) 17
( 270 , 565 ) 15
( 270 , 240 ) 28
( 271 , 265 ) 26
( 271 , 620 ) 25
( 271 , 275 ) 10
( 271 , 231 ) 29
( 272 , 55 ) 39
( 272 , 597 ) 34
( 272 , 621 ) 15
( 272 , 411 ) 12
( 273 , 262 ) 20
( 273 , 28 ) 5
( 273 , 445 ) 43
( 273 , 503 ) 15
( 274 , 605 ) 30
( 274 , 689 ) 43
( 274 , 47 ) 30
( 274 , 370 ) 36
( 275 , 606 ) 38
( 275 , 598 ) 23
( 275 , 135 ) 34
( 275 , 312 ) 36
( 276 , 549 ) 43
( 276 , 408 ) 46
( 276 , 349 ) 2
( 276 , 90 ) 12
( 277 , 435 ) 1
( 277 , 127 ) 8
( 277 , 713 ) 50
( 277 , 15 ) 27
( 278 , 162 ) 4
( 278 , 318 ) 9
( 278 , 342 ) 7
( 278 , 183 ) 46
( 279 , 445 ) 42
( 279 , 674 ) 21
( 279 , 369 ) 20
( 279 , 356 ) 47
( 280 , 65 ) 47
( 280 , 623 ) 20
( 280 , 171 ) 47
( 280 , 712 ) 41
( 281 , 573 ) 47
( 281 , 263 ) 6
( 281 , 362 ) 47
( 281 , 664 ) 38
( 282 , 215 ) 43
( 282 , 375 ) 37
( 282 , 530 ) 32
( 282 , 255 ) 5
( 283 , 300 ) 13
( 283 , 655 ) 16
( 283 , 370 ) 42
( 283 , 62 ) 1
( 284 , 541 ) 47
( 284 , 661 ) 3
( 284 , 586 ) 40
( 284 , 655 ) 16
( 285 , 671 ) 38
( 285 , 442 ) 44
( 285 , 472 ) 50
( 285 , 261 ) 19
( 286 , 373 ) 12
( 286 , 131 ) 40
( 286 , 302 ) 4
( 286 , 335 ) 3
( 287 , 261 ) 26
( 287 , 707 ) 17
( 287 , 68 ) 44
( 287 , 641 ) 44
( 288 , 569 ) 43
( 288 , 374 ) 40
( 288 , 513 ) 9
( 288 , 464 ) 18
( 289 , 149 ) 14
( 289 , 302 ) 26
( 289 , 551 ) 9
( 289 , 389 ) 41
( 290 , 325 ) 5
( 290 , 678 ) 20
( 290 , 688 ) 7
( 290 , 306 ) 5
( 291 , 572 ) 45
( 291 , 15 ) 19
( 291 , 658 ) 50
( 291 , 330 ) 11
( 292 , 390 ) 28
( 292 , 672 ) 12
( 292 , 104 ) 27
( 292 , 664 ) 45
( 293 , 110 ) 2
( 293 , 687 ) 7
( 293 , 640 ) 40
( 293 , 464 ) 42
( 294 , 61 ) 37
( 294 , 665 ) 9
( 294 , 339 ) 22
( 294 , 682 ) 32
( 295 , 282 ) 23
( 295 , 239 ) 29
( 295 , 338 ) 50
( 295 , 376 ) 28
( 296 , 436 ) 50
( 296 , 22 ) 26
( 296 , 115 ) 34
( 296 , 412 ) 6
( 297 , 390 ) 8
( 297 , 502 ) 39
( 297 , 626 ) 25
( 297 , 570 ) 2
( 298 , 491 ) 19
( 298 , 490 ) 37
( 298 , 664 ) 31
( 298 , 647 ) 29
( 299 , 49 ) 36
( 299 , 523 ) 23
( 299 , 719 ) 32
( 299 , 581 ) 35
( 300 , 597 ) 17
( 300 , 132 ) 12
( 300 , 422 ) 17
( 300 , 343 ) 33
( 301 , 324 ) 24
( 301 , 587 ) 14
( 301 , 237 ) 26
( 301 , 193 ) 10
( 302 , 563 ) 27
( 302 , 295 ) 32
( 302 , 656 ) 15
( 302 , 96 ) 15
( 303 , 725 ) 6
( 303 , 484 ) 4
( 303 , 379 ) 36
( 303 , 1 ) 35
( 304 , 266 ) 41
( 304 , 234 ) 23
( 304 , 705 ) 1
( 304 , 302 ) 50
( 305 , 164 ) 2
( 305 , 723 ) 11
( 305 , 582 ) 39
( 305 , 256 ) 30
( 306 , 34 ) 5
( 306 , 511 ) 11
( 306 , 722 ) 50
( 306 , 361 ) 34
( 307 , 544 ) 5
( 307 , 30 ) 32
( 307 , 617 ) 32
( 307 , 660 ) 13
( 308 , 478 ) 30
( 308 , 574 ) 6
( 308 , 563 ) 34
( 308 , 302 ) 34
( 309 , 390 ) 16
( 309 , 288 ) 35
( 309 , 236 ) 44
( 309 , 203 ) 29
( 310 , 532 ) 43
( 310 , 585 ) 45
( 310 , 345 ) 50
( 310 , 715 ) 19
( 311 , 7 ) 19
( 311 , 235 ) 24
( 311 , 390 ) 21
( 311 , 265 ) 25
( 312 , 313 ) 42
( 312 , 454 ) 44
( 312 , 95 ) 24
( 312 , 223 ) 44
( 313 , 215 ) 50
( 313 , 554 ) 32
( 313 , 724 ) 16
( 313 , 264 ) 34
( 314 , 43 ) 31
( 314 , 326 ) 17
( 314 , 237 ) 6
( 314 , 374 ) 26
( 315 , 646 ) 34
( 315 , 382 ) 20
( 315 , 723 ) 39
( 315 , 70 ) 1
( 316 , 496 ) 49
( 316 , 230 ) 14
( 316 , 663 ) 2
( 316 , 113 ) 19
( 317 , 424 ) 24
( 317 , 205 ) 38
( 317 , 348 ) 15
( 317 , 682 ) 14
( 318 , 500 ) 28
( 318 , 601 ) 47
( 318 , 337 ) 11
( 318 , 28 ) 6
( 319 , 536 ) 37
( 319 , 49 ) 37
( 319 , 299 ) 19
( 319 , 76 ) 30
( 320 , 485 ) 42
( 320 , 584 ) 1
( 320 , 669 ) 19
( 320 , 614 ) 16
( 321 , 28 ) 23
( 321 , 586 ) 14
( 321 , 319 ) 17
( 321 , 336 ) 8
( 322 , 455 ) 36
( 322 , 597 ) 14
( 322 , 278 ) 41
( 322 , 461 ) 31
( 323 , 94 ) 26
( 323 , 50 ) 28
( 323 , 448 ) 28
( 323 , 115 ) 22
( 324 , 3 ) 5
( 324 , 558 ) 26
( 324 , 435 ) 41
( 324 , 349 ) 41
( 325 , 231 ) 47
( 325 , 449 ) 44
( 325 , 50 ) 10
( 325 , 197 ) 1
( 326 , 727 ) 43
( 326 , 485 ) 5
( 326 , 452 ) 3
( 326 , 209 ) 12
( 327 , 727 ) 2
( 327 , 67 ) 9
( 327 , 306 ) 14
( 327 , 184 ) 30
( 328 , 345 ) 29
( 328 , 140 ) 41
( 328 , 239 ) 15
( 328 , 70 ) 10
( 329 , 348 ) 10
( 329 , 406 ) 17
( 329 , 402 ) 20
( 329 , 597 ) 44
( 330 , 210 ) 18
( 330 , 216 ) 11
( 330 , 181 ) 35
( 330 , 52 ) 38
( 331 , 317 ) 30
( 331 , 184 ) 28
( 331 , 201 ) 9
( 331 , 260 ) 13
( 332 , 155 ) 15
( 332 , 557 ) 13
( 332 , 53 ) 41
( 332 , 583 ) 34
( 333 , 581 ) 12
( 333 , 50 ) 2
( 333 , 586 ) 49
( 333 , 467 ) 6
( 334 , 251 ) 33
( 334 , 33 ) 35
( 334 , 164 ) 41
( 334 , 93 ) 36
( 335 , 35 ) 40
( 335 , 155 ) 2
( 335 , 340 ) 40
( 335 , 336 ) 4
( 336 , 492 ) 47
( 336 , 446 ) 25
( 336 , 498 ) 45
( 336 , 524 ) 9
( 337 , 698 ) 49
( 337 , 680 ) 36
( 337 , 276 ) 37
( 337 , 135 ) 37
( 338 , 50 ) 35
( 338 , 612 ) 17
( 338 , 250 ) 45
( 338 , 418 ) 7
( 339 , 326 ) 30
( 339 , 60 ) 27
( 339 , 9 ) 5
( 339 , 350 ) 46
( 340 , 379 ) 9
( 340 , 302 ) 46
( 340 , 616 ) 41
( 340 , 695 ) 38
( 341 , 588 ) 17
( 341 , 502 ) 50
( 341 , 593 ) 37
( 341 , 715 ) 48
( 342 , 678 ) 9
( 342 , 79 ) 6
( 342 , 60 ) 29
( 342 , 434 ) 9
( 343 , 519 ) 44
( 343 , 490 ) 16
( 343 , 599 ) 45
( 343 , 441 ) 34
( 344 , 525 ) 18
( 344 , 254 ) 35
( 344 , 678 ) 5
( 344 , 533 ) 20
( 345 , 401 ) 44
( 345 , 231 ) 47
( 345 , 246 ) 33
( 345 , 458 ) 10
( 346 , 332 ) 37
( 346 , 641 ) 22
( 346 , 589 ) 31
( 346 , 297 ) 43
( 347 , 94 ) 44
( 347 , 63 ) 32
( 347 , 356 ) 6
( 347 , 654 ) 27
( 348 , 372 ) 37
( 348 , 175 ) 27
( 348 , 144 ) 47
( 348 , 184 ) 39
( 349 , 404 ) 8
( 349 , 144 ) 6
( 349 , 661 ) 43
( 349 , 511 ) 46
( 350 , 390 ) 50
( 350 , 420 ) 32
( 350 , 342 ) 1
( 350 , 142 ) 48
( 351 , 251 ) 39
( 351 , 134 ) 32
( 351 , 284 ) 29
( 351 , 285 ) 1
( 352 , 279 ) 32
( 352 , 192 ) 47
( 352 , 358 ) 43
( 352 , 573 ) 39
( 353 , 400 ) 1
( 353 , 376 ) 29
( 353 , 271 ) 33
( 353 , 617 ) 25
( 354 , 305 ) 10
( 354 , 236 ) 4
( 354 , 40 ) 23
( 354 , 158 ) 5
( 355 , 86 ) 39
( 355 , 196 ) 31
( 355 , 504 ) 40
( 355 , 215 ) 29
( 356 , 178 ) 30
( 356 , 213 ) 28
( 356 , 504 ) 50
( 356 , 424 ) 23
( 357 , 417 ) 34
( 357 , 545 ) 41
( 357 , 192 ) 21
( 357 , 535 ) 50
( 358 , 340 ) 48
( 358 , 505 ) 15
( 358 , 138 ) 43
( 358 , 588 ) 19
( 359 , 488 ) 17
( 359 , 68 ) 16
( 359 , 324 ) 9
( 359 , 542 ) 17
( 360 , 81 ) 13
( 360 , 472 ) 44
( 360 , 193 ) 24
( 360 , 6 ) 29
( 361 , 712 ) 43
( 361 , 706 ) 25
( 361 , 694 ) 19
( 361 , 6 ) 6
( 362 , 327 ) 24
( 362 , 513 ) 18
( 362 , 167 ) 28
( 362 , 233 ) 33
( 363 , 314 ) 49
( 363 , 43 ) 14
( 363 , 244 ) 12
( 363 , 722 ) 39
( 364 , 298 ) 5
( 364 , 145 ) 6
( 364 , 372 ) 4
( 364 , 260 ) 10
( 365 , 160 ) 4
( 365 , 624 ) 4
( 365 , 430 ) 41
( 365 , 319 ) 12
( 366 , 255 ) 34
( 366 , 56 ) 39
( 366 , 306 ) 40
( 366 , 26 ) 36
( 367 , 67 ) 22
( 367 , 84 ) 14
( 367 , 645 ) 2
( 367 , 194 ) 14
( 368 , 531 ) 34
( 368 , 265 ) 36
( 368 , 415 ) 45
( 368 , 725 ) 35
( 369 , 128 ) 39
( 369 , 389 ) 45
( 369 , 52 ) 17
( 369 , 593 ) 16
( 370 , 375 ) 16
( 370 , 677 ) 8
( 370 , 542 ) 25
( 370 , 261 ) 19
( 371 , 441 ) 42
( 371 , 409 ) 6
( 371 , 295 ) 49
( 371 , 562 ) 29
( 372 , 48 ) 42
( 372 , 7 ) 46
( 372 , 230 ) 15
( 372 , 227 ) 36
( 373 , 21 ) 34
( 373 , 565 ) 33
( 373 , 50 ) 8
( 373 , 582 ) 33
( 374 , 397 ) 16
( 374 , 711 ) 2
( 374 , 12 ) 9
( 374 , 520 ) 33
( 375 , 244 ) 30
( 375 , 359 ) 25
( 375 , 720 ) 38
( 375 , 682 ) 6
( 376 , 462 ) 3
( 376 , 511 ) 3
( 376 , 296 ) 2
( 376 , 562 ) 33
( 377 , 124 ) 43
( 377 , 472 ) 33
( 377 , 108 ) 42
( 377 , 241 ) 27
( 378 , 151 ) 4
( 378 , 313 ) 49
( 378 , 503 ) 38
( 378 , 439 ) 36
( 379 , 551 ) 36
( 379 , 222 ) 46
( 379 , 375 ) 24
( 379 , 4 ) 23
( 380 , 657 ) 23
( 380 , 218 ) 36
( 380 , 174 ) 7
( 380 , 626 ) 22
( 381 , 224 ) 20
( 381 , 17 ) 29
( 381 , 369 ) 26
( 381 , 162 ) 14
( 382 , 494 ) 40
( 382 , 41 ) 40
( 382 , 150 ) 21
( 382 , 325 ) 25
( 383 , 549 ) 13
( 383 , 722 ) 48
( 383 , 439 ) 3
( 383 , 259 ) 21
( 384 , 474 ) 26
( 384 , 343 ) 43
( 384 , 69 ) 29
( 384 , 64 ) 37
( 385 , 258 ) 48
( 385 , 125 ) 50
( 385 , 129 ) 37
( 385 , 261 ) 17
( 386 , 288 ) 9
( 386 , 120 ) 34
( 386 , 427 ) 47
( 386 , 578 ) 25
( 387 , 309 ) 13
( 387 , 140 ) 22
( 387 , 549 ) 45
( 387 , 278 ) 26
( 388 , 711 ) 15
( 388 , 126 ) 31
( 388 , 687 ) 18
( 388 , 647 ) 21
( 389 , 466 ) 43
( 389 , 622 ) 28
( 389 , 716 ) 47
( 389 , 434 ) 5
( 390 , 78 ) 1
( 390 , 412 ) 34
( 390 , 577 ) 24
( 390 , 156 ) 45
( 391 , 89 ) 35
( 391 , 657 ) 13
( 391 , 113 ) 46
( 391 , 404 ) 7
( 392 , 130 ) 44
( 392 , 10 ) 32
( 392 , 426 ) 5
( 392 , 669 ) 42
( 393 , 510 ) 21
( 393 , 356 ) 6
( 393 , 458 ) 16
( 393 , 705 ) 32
( 394 , 489 ) 16
( 394 , 411 ) 19
( 394 , 343 ) 27
( 394 , 147 ) 26
( 395 , 452 ) 25
( 395 , 587 ) 42
( 395 , 534 ) 22
( 395 , 194 ) 25
( 396 , 675 ) 17
( 396 , 111 ) 35
( 396 , 445 ) 20
( 396 , 515 ) 21
( 397 , 206 ) 30
( 397 , 610 ) 50
( 397 , 259 ) 45
( 397 , 275 ) 27
( 398 , 335 ) 8
( 398 , 88 ) 4
( 398 , 38 ) 40
( 398 , 272 ) 43
( 399 , 580 ) 1
( 399 , 723 ) 21
( 399 , 252 ) 33
( 399 , 61 ) 29
( 400 , 66 ) 48
( 400 , 104 ) 2
( 400 , 216 ) 45
( 400 , 664 ) 6
( 401 , 400 ) 18
( 401 , 299 ) 13
( 401 , 286 ) 23
( 401 , 622 ) 10
( 402 , 1 ) 45
( 402 , 465 ) 30
( 402 , 590 ) 21
( 402 , 306 ) 31
( 403 , 646 ) 23
( 403 , 69 ) 31
( 403 , 394 ) 9
( 403 , 289 ) 10
( 404 , 628 ) 41
( 404 , 212 ) 36
( 404 , 584 ) 38
( 404 , 113 ) 23
( 405 , 597 ) 47
( 405 , 87 ) 28
( 405 , 514 ) 4
( 405 , 290 ) 28
( 406 , 66 ) 41
( 406 , 15 ) 14
( 406 , 541 ) 36
( 406 , 3 ) 50
( 407 , 362 ) 5
( 407 , 330 ) 33
( 407 , 437 ) 47
( 407 , 671 ) 33
( 408 , 536 ) 10
( 408 , 180 ) 48
( 408 , 56 ) 45
( 408 , 141 ) 29
( 409 , 638 ) 11
( 409 , 345 ) 15
( 409 , 32 ) 5
( 409 , 100 ) 31
( 410 , 642 ) 14
( 410 , 559 ) 10
( 410 , 506 ) 39
( 410 , 594 ) 49
( 411 , 282 ) 40
( 411 , 507 ) 42
( 411 , 540 ) 3
( 411 , 103 ) 37
( 412 , 307 ) 5
( 412 , 156 ) 21
( 412 , 548 ) 42
( 412 , 471 ) 31
( 413 , 408 ) 22
( 413 , 275 ) 17
( 413 , 613 ) 28
( 413 , 124 ) 44
( 414 , 535 ) 10
( 414 , 642 ) 49
( 414 , 138 ) 14
( 414 , 410 ) 32
( 415 , 460 ) 39
( 415 , 75 ) 49
( 415 , 559 ) 3
( 415 , 488 ) 50
( 416 , 720 ) 5
( 416 , 29 ) 32
( 416 , 254 ) 21
( 416 , 228 ) 21
( 417 , 90 ) 38
( 417 , 319 ) 20
( 417 , 344 ) 41
( 417 , 413 ) 2
( 418 , 200 ) 12
( 418 , 663 ) 34
( 418 , 467 ) 44
( 418 , 23 ) 17
( 419 , 409 ) 44
( 419 , 332 ) 49
( 419 , 305 ) 7
( 419 , 137 ) 43
( 420 , 558 ) 40
( 420 , 709 ) 13
( 420 , 51 ) 22
( 420 , 702 ) 15
( 421 , 62 ) 36
( 421 , 478 ) 35
( 421 , 687 ) 6
( 421 , 420 ) 10
( 422 , 393 ) 28
( 422 , 655 ) 8
( 422 , 70 ) 25
( 422 , 21 ) 39
( 423 , 673 ) 12
( 423 , 133 ) 49
( 423 , 89 ) 37
( 423 , 260 ) 10
( 424 , 179 ) 22
( 424 , 663 ) 19
( 424 , 6 ) 20
( 424 , 324 ) 24
( 425 , 157 ) 4
( 425 , 501 ) 42
( 425 , 108 ) 41
( 425 , 192 ) 33
( 426 , 529 ) 5
( 426 , 362 ) 26
( 426 , 430 ) 8
( 426 , 246 ) 29
( 427 , 418 ) 19
( 427 , 5 ) 42
( 427 , 138 ) 49
( 427 , 622 ) 19
( 428 , 314 ) 44
( 428 , 104 ) 30
( 428 , 686 ) 35
( 428 , 380 ) 30
( 429 , 440 ) 2
( 429 , 496 ) 16
( 429 , 522 ) 8
( 429 , 710 ) 43
( 430 , 248 ) 4
( 430 , 616 ) 43
( 430 , 578 ) 6
( 430 , 627 ) 21
( 431 , 530 ) 1
( 431 , 334 ) 33
( 431 , 414 ) 29
( 431 , 353 ) 9
( 432 , 279 ) 3
( 432 , 488 ) 1
( 432 , 350 ) 7
( 432 , 100 ) 4
( 433 , 434 ) 32
( 433 , 134 ) 40
( 433 , 47 ) 35
( 433 , 673 ) 19
( 434 , 110 ) 15
( 434 , 390 ) 44
( 434 , 152 ) 45
( 434 , 347 ) 41
( 435 , 665 ) 16
( 435 , 259 ) 46
( 435 , 65 ) 2
( 435 , 19 ) 1
( 436 , 420 ) 36
( 436 , 603 ) 28
( 436 , 710 ) 20
( 436 , 114 ) 27
( 437 , 582 ) 50
( 437 , 361 ) 15
( 437 , 288 ) 3
( 437 , 291 ) 46
( 438 , 211 ) 32
( 438 , 628 ) 37
( 438 , 22 ) 39
( 438 , 26 ) 24
( 439 , 595 ) 14
( 439 , 125 ) 32
( 439 , 275 ) 48
( 439 , 132 ) 15
( 440 , 508 ) 2
( 440 , 443 ) 12
( 440 , 444 ) 46
( 440 , 340 ) 4
( 441 , 133 ) 40
( 441 , 228 ) 40
( 441 , 469 ) 20
( 441 , 486 ) 1
( 442 , 106 ) 28
( 442 , 336 ) 17
( 442 , 282 ) 14
( 442 , 448 ) 12
( 443 , 431 ) 17
( 443 , 676 ) 32
( 443 , 571 ) 6
( 443 , 636 ) 13
( 444 , 576 ) 9
( 444 , 401 ) 12
( 444 , 222 ) 15
( 444 , 131 ) 28
( 445 , 640 ) 8
( 445 , 603 ) 1
( 445 , 462 ) 13
( 445 , 117 ) 35
( 446 , 196 ) 8
( 446 , 452 ) 22
( 446 , 65 ) 12
( 446 , 82 ) 50
( 447 , 398 ) 44
( 447 , 66 ) 27
( 447 , 329 ) 9
( 447 , 655 ) 2
( 448 , 82 ) 29
( 448 , 430 ) 46
( 448 , 596 ) 49
( 448 , 96 ) 34
( 449 , 311 ) 21
( 449 , 644 ) 39
( 449 , 675 ) 7
( 449 , 139 ) 5
( 450 , 455 ) 12
( 450 , 129 ) 15
( 450 , 539 ) 24
( 450 , 363 ) 46
( 451 , 220 ) 11
( 451 , 568 ) 6
( 451 , 224 ) 39
( 451 , 169 ) 10
( 452 , 170 ) 17
( 452 , 301 ) 19
( 452 , 468 ) 11
( 452 , 350 ) 17
( 453 , 384 ) 43
( 453 , 526 ) 7
( 453 , 521 ) 41
( 453 , 139 ) 28
( 454 , 278 ) 27
( 454 , 303 ) 50
( 454 , 526 ) 26
( 454 , 670 ) 14
( 455 , 504 ) 15
( 455 , 369 ) 16
( 455 , 47 ) 12
( 455 , 522 ) 22
( 456 , 714 ) 7
( 456 , 695 ) 47
( 456 , 40 ) 17
( 456 , 151 ) 43
( 457 , 178 ) 42
( 457 , 206 ) 12
( 457 , 169 ) 6
( 457 , 450 ) 41
( 458 , 95 ) 5
( 458 , 123 ) 19
( 458 , 189 ) 19
( 458 , 324 ) 22
( 459 , 698 ) 43
( 459 , 319 ) 26
( 459 , 163 ) 6
( 459 , 307 ) 15
( 460 , 396 ) 36
( 460 , 687 ) 3
( 460 , 88 ) 13
( 460 , 305 ) 17
( 461 , 620 ) 32
( 461 , 659 ) 18
( 461 , 251 ) 8
( 461 , 692 ) 9
( 462 , 372 ) 48
( 462 , 595 ) 36
( 462 , 188 ) 13
( 462 , 47 ) 48
( 463 , 404 ) 39
( 463 , 98 ) 32
( 463 , 49 ) 5
( 463 , 135 ) 4
( 464 , 161 ) 9
( 464 , 336 ) 47
( 464 , 503 ) 29
( 464 , 176 ) 40
( 465 , 24 ) 27
( 465 , 343 ) 19
( 465 , 477 ) 34
( 465 , 504 ) 36
( 466 , 423 ) 8
( 466 , 248 ) 48
( 466 , 336 ) 27
( 466 , 33 ) 43
( 467 , 144 ) 1
( 467 , 626 ) 49
( 467 , 489 ) 34
( 467 , 129 ) 14
( 468 , 567 ) 38
( 468 , 173 ) 2
( 468 , 292 ) 43
( 468 , 606 ) 47
( 469 , 463 ) 23
( 469 , 342 ) 25
( 469 , 513 ) 1
( 469 , 233 ) 33
( 470 , 552 ) 1
( 470 , 87 ) 17
( 470 , 327 ) 47
( 470 , 348 ) 50
( 471 , 702 ) 5
( 471 , 195 ) 3
( 471 , 647 ) 7
( 471 , 243 ) 44
( 472 , 98 ) 25
( 472 , 366 ) 9
( 472 , 454 ) 49
( 472 , 263 ) 19
( 473 , 556 ) 30
( 473 , 607 ) 22
( 473 , 449 ) 31
( 473 , 354 ) 17
( 474 , 415 ) 25
( 474 , 130 ) 31
( 474 , 318 ) 8
( 474 , 453 ) 36
( 475 , 63 ) 49
( 475 , 453 ) 46
( 475 , 191 ) 14
( 475 , 596 ) 31
( 476 , 420 ) 1
( 476 , 676 ) 3
( 476 , 413 ) 7
( 476 , 59 ) 25
( 477 , 718 ) 44
( 477 , 31 ) 25
( 477 , 365 ) 41
( 477 , 556 ) 47
( 478 , 695 ) 29
( 478 , 723 ) 40
( 478 , 382 ) 26
( 478 , 484 ) 39
( 479 , 159 ) 42
( 479 , 491 ) 31
( 479 , 162 ) 33
( 479 , 521 ) 23
( 480 , 434 ) 12
( 480 , 576 ) 27
( 480 , 164 ) 25
( 480 , 156 ) 44
( 481 , 641 ) 39
( 481 , 94 ) 50
( 481 , 78 ) 47
( 481 , 545 ) 24
( 482 , 45 ) 9
( 482 , 427 ) 27
( 482 , 438 ) 36
( 482 , 630 ) 8
( 483 , 120 ) 26
( 483 , 495 ) 41
( 483 , 26 ) 36
( 483 , 133 ) 39
( 484 , 35 ) 39
( 484 , 9 ) 29
( 484 , 239 ) 45
( 484 , 4 ) 7
( 485 , 427 ) 26
( 485 , 525 ) 22
( 485 , 704 ) 31
( 485 , 117 ) 37
( 486 , 222 ) 10
( 486 , 460 ) 5
( 486 , 246 ) 2
( 486 , 404 ) 12
( 487 , 70 ) 7
( 487 , 395 ) 46
( 487 , 401 ) 15
( 487 , 259 ) 39
( 488 , 38 ) 44
( 488 , 556 ) 16
( 488 , 322 ) 40
( 488 , 601 ) 41
( 489 , 221 ) 27
( 489 , 653 ) 9
( 489 , 363 ) 9
( 489 , 434 ) 17
( 490 , 366 ) 45
( 490 , 72 ) 41
( 490 , 69 ) 23
( 490 , 30 ) 48
( 491 , 323 ) 27
( 491 , 447 ) 24
( 491 , 403 ) 42
( 491 , 355 ) 25
( 492 , 643 ) 22
( 492 , 48 ) 16
( 492 , 597 ) 46
( 492 , 11 ) 12
( 493 , 470 ) 50
( 493 , 166 ) 19
( 493 , 587 ) 9
( 493 , 672 ) 37
( 494 , 466 ) 38
( 494 , 515 ) 14
( 494 , 49 ) 11
( 494 , 478 ) 19
( 495 , 655 ) 42
( 495 , 540 ) 28
( 495 , 413 ) 37
( 495 , 589 ) 38
( 496 , 202 ) 29
( 496 , 173 ) 19
( 496 , 472 ) 5
( 496 , 614 ) 7
( 497 , 314 ) 31
( 497 , 687 ) 47
( 497 , 606 ) 12
( 497 , 531 ) 8
( 498 , 699 ) 35
( 498 , 417 ) 36
( 498 , 244 ) 30
( 498 , 619 ) 17
( 499 , 375 ) 40
( 499 , 237 ) 34
( 499 , 694 ) 22
( 499 , 415 ) 11
( 500 , 62 ) 11
( 500 , 140 ) 2
( 500 , 510 ) 17
( 500 , 618 ) 9
( 501 , 616 ) 28
( 501 , 481 ) 50
( 501 , 184 ) 12
( 501 , 679 ) 34
( 502 , 46 ) 42
( 502 , 336 ) 49
( 502 , 412 ) 38
( 502 , 691 ) 9
( 503 , 368 ) 41
( 503 , 300 ) 27
( 503 , 548 ) 50
( 503 , 36 ) 2
( 504 , 488 ) 7
( 504 , 326 ) 18
( 504 , 538 ) 20
( 504 , 287 ) 3
( 505 , 206 ) 23
( 505 , 477 ) 40
( 505 , 423 ) 18
( 505 , 231 ) 22
( 506 , 635 ) 1
( 506 , 393 ) 34
( 506 , 301 ) 49
( 506 , 366 ) 3
( 507 , 323 ) 15
( 507 , 325 ) 46
( 507 , 580 ) 37
( 507 , 508 ) 21
( 508 , 290 ) 7
( 508 , 704 ) 42
( 508 , 77 ) 28
( 508 , 705 ) 2
( 509 , 289 ) 6
( 509 , 468 ) 19
( 509 , 9 ) 27
( 509 , 508 ) 43
( 510 , 297 ) 1
( 510 , 413 ) 45
( 510 , 82 ) 35
( 510 , 683 ) 30
( 511 , 120 ) 28
( 511 , 269 ) 6
( 511 , 585 ) 18
( 511 , 535 ) 41
( 512 , 76 ) 50
( 512 , 188 ) 25
( 512 , 99 ) 47
( 512 , 56 ) 26
( 513 , 111 ) 42
( 513 , 650 ) 14
( 513 , 462 ) 41
( 513 , 697 ) 2
( 514 , 152 ) 28
( 514 , 624 ) 45
( 514 , 614 ) 6
( 514 , 544 ) 14
( 515 , 558 ) 50
( 515 , 640 ) 48
( 515 , 163 ) 44
( 515 , 480 ) 42
( 516 , 604 ) 24
( 516 , 319 ) 23
( 516 , 506 ) 38
( 516 , 151 ) 30
( 517 , 640 ) 15
( 517 , 197 ) 11
( 517 , 194 ) 40
( 517 , 39 ) 50
( 518 , 674 ) 39
( 518 , 158 ) 19
( 518 , 336 ) 3
( 518 , 366 ) 50
( 519 , 514 ) 48
( 519 , 662 ) 31
( 519 , 143 ) 43
( 519 , 612 ) 7
( 520 , 713 ) 50
( 520 , 7 ) 18
( 520 , 501 ) 19
( 520 , 704 ) 32
( 521 , 82 ) 41
( 521 , 67 ) 15
( 521 , 375 ) 26
( 521 , 634 ) 41
( 522 , 411 ) 18
( 522 , 5 ) 10
( 522 , 449 ) 48
( 522 , 582 ) 25
( 523 , 400 ) 50
( 523 , 147 ) 12
( 523 , 544 ) 49
( 523 , 562 ) 47
( 524 , 48 ) 28
( 524 , 134 ) 49
( 524 , 477 ) 34
( 524 , 643 ) 9
( 525 , 440 ) 18
( 525 , 197 ) 11
( 525 , 562 ) 39
( 525 , 299 ) 40
( 526 , 253 ) 36
( 526 , 96 ) 19
( 526 , 612 ) 11
( 526 , 184 ) 33
( 527 , 275 ) 24
( 527 , 542 ) 35
( 527 , 498 ) 23
( 527 , 632 ) 43
( 528 , 85 ) 12
( 528 , 375 ) 28
( 528 , 632 ) 15
( 528 , 482 ) 5
( 529 , 371 ) 26
( 529 , 83 ) 20
( 529 , 119 ) 18
( 529 , 512 ) 31
( 530 , 623 ) 25
( 530 , 691 ) 37
( 530 , 255 ) 14
( 530 , 330 ) 43
( 531 , 278 ) 30
( 531 , 271 ) 49
( 531 , 366 ) 29
( 531 , 562 ) 40
( 532 , 159 ) 34
( 532 , 187 ) 26
( 532 , 394 ) 6
( 532 , 640 ) 11
( 533 , 110 ) 45
( 533 , 500 ) 39
( 533 , 516 ) 46
( 533 , 546 ) 29
( 534 , 640 ) 3
( 534 , 333 ) 31
( 534 , 74 ) 27
( 534 , 47 ) 11
( 535 , 44 ) 32
( 535 , 123 ) 46
( 535 , 428 ) 42
( 535 , 689 ) 49
( 536 , 670 ) 44
( 536 , 82 ) 18
( 536 , 416 ) 35
( 536 , 208 ) 38
( 537 , 190 ) 19
( 537 , 287 ) 5
( 537 , 75 ) 11
( 537 , 493 ) 16
( 538 , 416 ) 3
( 538 , 81 ) 37
( 538 , 717 ) 50
( 538 , 603 ) 24
( 539 , 202 ) 41
( 539 , 668 ) 43
( 539 , 40 ) 6
( 539 , 20 ) 27
( 540 , 637 ) 25
( 540 , 205 ) 23
( 540 , 430 ) 10
( 540 , 406 ) 39
( 541 , 569 ) 24
( 541 , 141 ) 13
( 541 , 609 ) 46
( 541 , 351 ) 3
( 542 , 217 ) 19
( 542 , 701 ) 4
( 542 , 345 ) 3
( 542 , 326 ) 36
( 543 , 40 ) 32
( 543 , 655 ) 48
( 543 , 590 ) 32
( 543 , 421 ) 20
( 544 , 150 ) 38
( 544 , 448 ) 32
( 544 , 87 ) 41
( 544 , 321 ) 9
( 545 , 630 ) 22
( 545 , 541 ) 31
( 545 , 128 ) 19
( 545 , 282 ) 39
( 546 , 534 ) 34
( 546 , 368 ) 17
( 546 , 25 ) 50
( 546 , 520 ) 44
( 547 , 603 ) 33
( 547 , 650 ) 39
( 547 , 357 ) 8
( 547 , 203 ) 31
( 548 , 141 ) 47
( 548 , 225 ) 13
( 548 , 301 ) 18
( 548 , 515 ) 14
( 549 , 55 ) 22
( 549 , 722 ) 36
( 549 , 206 ) 28
( 549 , 357 ) 29
( 550 , 628 ) 27
( 550 , 576 ) 37
( 550 , 556 ) 8
( 550 , 315 ) 37
( 551 , 100 ) 33
( 551 , 163 ) 38
( 551 , 455 ) 42
( 551 , 576 ) 4
( 552 , 313 ) 49
( 552 , 227 ) 35
( 552 , 374 ) 48
( 552 , 145 ) 13
( 553 , 176 ) 12
( 553 , 395 ) 9
( 553 , 692 ) 5
( 553 , 5 ) 24
( 554 , 606 ) 42
( 554 , 336 ) 1
( 554 , 432 ) 39
( 554 , 279 ) 10
( 555 , 31 ) 8
( 555 , 564 ) 24
( 555 , 308 ) 8
( 555 , 576 ) 25
( 556 , 557 ) 2
( 556 , 668 ) 14
( 556 , 141 ) 37
( 556 , 538 ) 38
( 557 , 251 ) 16
( 557 , 437 ) 43
( 557 , 625 ) 13
( 557 , 133 ) 28
( 558 , 182 ) 4
( 558 , 483 ) 50
( 558 , 178 ) 25
( 558 , 307 ) 50
( 559 , 481 ) 12
( 559 , 667 ) 31
( 559 , 681 ) 25
( 559 , 99 ) 15
( 560 , 300 ) 50
( 560 , 11 ) 6
( 560 , 51 ) 39
( 560 , 155 ) 44
( 561 , 572 ) 22
( 561 , 552 ) 17
( 561 , 270 ) 46
( 561 , 169 ) 34
( 562 , 645 ) 10
( 562 , 27 ) 33
( 562 , 127 ) 28
( 562 , 347 ) 14
( 563 , 339 ) 49
( 563 , 415 ) 38
( 563 , 685 ) 47
( 563 , 329 ) 27
( 564 , 543 ) 19
( 564 , 74 ) 18
( 564 , 395 ) 38
( 564 , 393 ) 15
( 565 , 123 ) 36
( 565 , 158 ) 36
( 565 , 504 ) 17
( 565 , 360 ) 31
( 566 , 596 ) 47
( 566 , 564 ) 40
( 566 , 454 ) 8
( 566 , 327 ) 38
( 567 , 255 ) 41
( 567 , 153 ) 42
( 567 , 45 ) 11
( 567 , 468 ) 17
( 568 , 365 ) 17
( 568 , 84 ) 5
( 568 , 540 ) 24
( 568 , 403 ) 16
( 569 , 304 ) 42
( 569 , 490 ) 13
( 569 , 587 ) 4
( 569 , 170 ) 10
( 570 , 245 ) 24
( 570 , 448 ) 20
( 570 , 524 ) 9
( 570 , 192 ) 11
( 571 , 190 ) 24
( 571 , 588 ) 19
( 571 , 441 ) 34
( 571 , 349 ) 29
( 572 , 491 ) 49
( 572 , 397 ) 26
( 572 , 467 ) 45
( 572 , 270 ) 30
( 573 , 553 ) 46
( 573 , 304 ) 2
( 573 , 393 ) 16
( 573 , 608 ) 40
( 574 , 141 ) 31
( 574 , 616 ) 25
( 574 , 202 ) 41
( 574 , 669 ) 17
( 575 , 407 ) 17
( 575 , 640 ) 3
( 575 , 591 ) 50
( 575 , 628 ) 38
( 576 , 417 ) 39
( 576 , 311 ) 48
( 576 , 691 ) 37
( 576 , 636 ) 7
( 577 , 462 ) 29
( 577 , 179 ) 12
( 577 , 256 ) 43
( 577 , 479 ) 28
( 578 , 184 ) 23
( 578 , 110 ) 5
( 578 , 652 ) 45
( 578 , 355 ) 28
( 579 , 630 ) 18
( 579 , 320 ) 12
( 579 , 404 ) 9
( 579 , 482 ) 4
( 580 , 555 ) 6
( 580 , 216 ) 11
( 580 , 74 ) 31
( 580 , 87 ) 40
( 581 , 580 ) 9
( 581 , 327 ) 9
( 581 , 463 ) 27
( 581 , 99 ) 23
( 582 , 499 ) 20
( 582 , 14 ) 7
( 582 , 663 ) 42
( 582 , 665 ) 5
( 583 , 82 ) 28
( 583 , 116 ) 44
( 583 , 403 ) 9
( 583 , 600 ) 12
( 584 , 16 ) 23
( 584 , 172 ) 45
( 584 , 353 ) 43
( 584 , 141 ) 27
( 585 , 223 ) 18
( 585 , 631 ) 2
( 585 , 309 ) 40
( 585 , 493 ) 30
( 586 , 18 ) 42
( 586 , 95 ) 12
( 586 , 431 ) 26
( 586 , 229 ) 19
( 587 , 287 ) 30
( 587 , 35 ) 18
( 587 , 220 ) 14
( 587 , 230 ) 21
( 588 , 434 ) 6
( 588 , 641 ) 41
( 588 , 79 ) 50
( 588 , 146 ) 11
( 589 , 356 ) 38
( 589 , 607 ) 9
( 589 , 463 ) 6
( 589 , 552 ) 32
( 590 , 13 ) 23
( 590 , 12 ) 34
( 590 , 619 ) 32
( 590 , 608 ) 15
( 591 , 192 ) 36
( 591 , 598 ) 29
( 591 , 65 ) 4
( 591 , 57 ) 50
( 592 , 530 ) 24
( 592 , 260 ) 45
( 592 , 639 ) 20
( 592 , 122 ) 6
( 593 , 639 ) 33
( 593 , 248 ) 49
( 593 , 670 ) 26
( 593 , 681 ) 29
( 594 , 526 ) 15
( 594 , 334 ) 17
( 594 , 273 ) 48
( 594 , 430 ) 44
( 595 , 319 ) 44
( 595 , 427 ) 12
( 595 , 682 ) 25
( 595 , 167 ) 38
( 596 , 170 ) 46
( 596 , 253 ) 8
( 596 , 235 ) 44
( 596 , 290 ) 15
( 597 , 342 ) 13
( 597 , 598 ) 21
( 597 , 560 ) 22
( 597 , 498 ) 50
( 598 , 329 ) 34
( 598 , 24 ) 40
( 598 , 583 ) 10
( 598 , 523 ) 50
( 599 , 649 ) 17
( 599 , 75 ) 43
( 599 , 544 ) 36
( 599 , 514 ) 16
( 600 , 26 ) 3
( 600 , 93 ) 25
( 600 , 670 ) 35
( 600 , 669 ) 37
( 601 , 233 ) 10
( 601 , 114 ) 29
( 601 , 296 ) 27
( 601 , 441 ) 47
( 602 , 610 ) 14
( 602 , 450 ) 45
( 602 , 246 ) 20
( 602 , 314 ) 12
( 603 , 699 ) 46
( 603 , 461 ) 3
( 603 , 85 ) 31
( 603 , 488 ) 7
( 604 , 303 ) 26
( 604 , 274 ) 14
( 604 , 638 ) 33
( 604 , 55 ) 23
( 605 , 691 ) 48
( 605 , 679 ) 32
( 605 , 579 ) 29
( 605 , 236 ) 14
( 606 , 520 ) 49
( 606 , 574 ) 25
( 606 , 65 ) 29
( 606 , 704 ) 5
( 607 , 177 ) 43
( 607 , 602 ) 49
( 607 , 346 ) 20
( 607 , 151 ) 9
( 608 , 597 ) 31
( 608 , 265 ) 15
( 608 , 62 ) 33
( 608 , 31 ) 16
( 609 , 21 ) 5
( 609 , 91 ) 50
( 609 , 568 ) 25
( 609 , 318 ) 49
( 610 , 244 ) 23
( 610 , 375 ) 20
( 610 , 687 ) 19
( 610 , 424 ) 10
( 611 , 436 ) 35
( 611 , 66 ) 10
( 611 , 645 ) 25
( 611 , 310 ) 5
( 612 , 110 ) 45
( 612 , 704 ) 29
( 612 , 276 ) 23
( 612 , 49 ) 20
( 613 , 441 ) 6
( 613 , 266 ) 42
( 613 , 651 ) 15
( 613 , 409 ) 24
( 614 , 44 ) 13
( 614 , 309 ) 24
( 614 , 380 ) 23
( 614 , 446 ) 14
( 615 , 108 ) 28
( 615 , 167 ) 27
( 615 , 327 ) 38
( 615 , 445 ) 23
( 616 , 312 ) 32
( 616 , 330 ) 12
( 616 , 198 ) 30
( 616 , 415 ) 6
( 617 , 712 ) 23
( 617 , 495 ) 8
( 617 , 368 ) 30
( 617 , 324 ) 38
( 618 , 519 ) 47
( 618 , 462 ) 37
( 618 , 170 ) 21
( 618 , 226 ) 14
( 619 , 270 ) 28
( 619 , 432 ) 10
( 619 , 621 ) 31
( 619 , 630 ) 33
( 620 , 93 ) 2
( 620 , 505 ) 43
( 620 , 49 ) 22
( 620 , 575 ) 8
( 621 , 476 ) 32
( 621 , 505 ) 39
( 621 , 562 ) 50
( 621 , 586 ) 46
( 622 , 198 ) 3
( 622 , 520 ) 35
( 622 , 199 ) 28
( 622 , 79 ) 27
( 623 , 662 ) 27
( 623 , 21 ) 10
( 623 , 487 ) 24
( 623 , 341 ) 8
( 624 , 573 ) 47
( 624 , 78 ) 27
( 624 , 621 ) 22
( 624 , 142 ) 34
( 625 , 369 ) 19
( 625 , 460 ) 48
( 625 , 423 ) 38
( 625 , 314 ) 45
( 626 , 716 ) 37
( 626 , 642 ) 1
( 626 , 491 ) 22
( 626 , 262 ) 48
( 627 , 593 ) 27
( 627 , 28 ) 21
( 627 , 77 ) 8
( 627 , 490 ) 49
( 628 , 294 ) 27
( 628 , 444 ) 8
( 628 , 364 ) 1
( 628 , 55 ) 27
( 629 , 525 ) 24
( 629 , 84 ) 7
( 629 , 482 ) 4
( 629 , 28 ) 35
( 630 , 364 ) 45
( 630 , 620 ) 26
( 630 , 146 ) 47
( 630 , 357 ) 42
( 631 , 256 ) 34
( 631 , 414 ) 13
( 631 , 262 ) 47
( 631 , 588 ) 10
( 632 , 139 ) 16
( 632 , 522 ) 24
( 632 , 526 ) 44
( 632 , 689 ) 44
( 633 , 465 ) 47
( 633 , 304 ) 28
( 633 , 345 ) 11
( 633 , 338 ) 27
( 634 , 466 ) 48
( 634 , 538 ) 23
( 634 , 296 ) 46
( 634 , 655 ) 3
( 635 , 31 ) 32
( 635 , 8 ) 39
( 635 , 152 ) 28
( 635 , 159 ) 23
( 636 , 487 ) 20
( 636 , 248 ) 15
( 636 , 665 ) 34
( 636 , 211 ) 45
( 637 , 12 ) 28
( 637 , 222 ) 16
( 637 , 195 ) 49
( 637 , 452 ) 6
( 638 , 385 ) 3
( 638 , 332 ) 14
( 638 , 423 ) 28
( 638 , 116 ) 10
( 639 , 566 ) 41
( 639 , 374 ) 50
( 639 , 271 ) 36
( 639 , 168 ) 43
( 640 , 414 ) 28
( 640 , 69 ) 15
( 640 , 184 ) 5
( 640 , 379 ) 32
( 641 , 562 ) 14
( 641 , 689 ) 27
( 641 , 57 ) 27
( 641 , 212 ) 13
( 642 , 475 ) 48
( 642 , 119 ) 44
( 642 , 617 ) 3
( 642 , 524 ) 20
( 643 , 436 ) 46
( 643 , 375 ) 15
( 643 , 182 ) 1
( 643 , 175 ) 46
( 644 , 715 ) 12
( 644 , 683 ) 15
( 644 , 629 ) 8
( 644 , 159 ) 16
( 645 , 165 ) 7
( 645 , 187 ) 34
( 645 , 564 ) 20
( 645 , 317 ) 45
( 646 , 481 ) 36
( 646 , 563 ) 16
( 646 , 121 ) 44
( 646 , 108 ) 28
( 647 , 666 ) 43
( 647 , 113 ) 1
( 647 , 59 ) 9
( 647 , 523 ) 19
( 648 , 192 ) 25
( 648 , 386 ) 28
( 648 , 324 ) 7
( 648 , 687 ) 11
( 649 , 599 ) 23
( 649 , 403 ) 6
( 649 , 665 ) 35
( 649 , 25 ) 10
( 650 , 372 ) 39
( 650 , 430 ) 5
( 650 , 61 ) 23
( 650 , 722 ) 39
( 651 , 359 ) 31
( 651 , 18 ) 26
( 651 , 613 ) 36
( 651 , 40 ) 23
( 652 , 714 ) 20
( 652 , 712 ) 30
( 652 , 428 ) 13
( 652 , 198 ) 42
( 653 , 369 ) 42
( 653 , 544 ) 46
( 653 , 683 ) 23
( 653 , 724 ) 37
( 654 , 420 ) 7
( 654 , 344 ) 48
( 654 , 135 ) 10
( 654 , 666 ) 46
( 655 , 155 ) 45
( 655 , 190 ) 34
( 655 , 247 ) 32
( 655 , 597 ) 21
( 656 , 112 ) 47
( 656 , 682 ) 30
( 656 , 449 ) 10
( 656 , 592 ) 7
( 657 , 211 ) 12
( 657 , 109 ) 25
( 657 , 672 ) 26
( 657 , 247 ) 28
( 658 , 208 ) 8
( 658 , 673 ) 1
( 658 , 464 ) 45
( 658 , 333 ) 2
( 659 , 230 ) 27
( 659 , 400 ) 26
( 659 , 51 ) 24
( 659 , 365 ) 8
( 660 , 600 ) 24
( 660 , 370 ) 48
( 660 , 506 ) 23
( 660 , 212 ) 28
( 661 , 393 ) 45
( 661 , 599 ) 22
( 661 , 682 ) 45
( 661 , 91 ) 30
( 662 , 387 ) 42
( 662 , 581 ) 11
( 662 , 360 ) 30
( 662 , 280 ) 31
( 663 , 255 ) 41
( 663 , 90 ) 12
( 663 , 305 ) 6
( 663 , 447 ) 45
( 664 , 428 ) 33
( 664 , 364 ) 30
( 664 , 523 ) 48
( 664 , 223 ) 16
( 665 , 723 ) 3
( 665 , 88 ) 10
( 665 , 419 ) 48
( 665 , 311 ) 11
( 666 , 266 ) 41
( 666 , 471 ) 36
( 666 , 398 ) 15
( 666 , 280 ) 32
( 667 , 96 ) 48
( 667 , 485 ) 39
( 667 , 364 ) 38
( 667 , 542 ) 39
( 668 , 73 ) 24
( 668 , 116 ) 42
( 668 , 270 ) 44
( 668 , 462 ) 10
( 669 , 390 ) 30
( 669 , 113 ) 48
( 669 , 349 ) 5
( 669 , 213 ) 46
( 670 , 185 ) 19
( 670 , 306 ) 37
( 670 , 232 ) 20
( 670 , 122 ) 13
( 671 , 532 ) 41
( 671 , 333 ) 16
( 671 , 124 ) 28
( 671 , 440 ) 4
( 672 , 317 ) 26
( 672 , 136 ) 9
( 672 , 51 ) 1
( 672 , 708 ) 34
( 673 , 310 ) 3
( 673 , 275 ) 40
( 673 , 632 ) 30
( 673 , 651 ) 2
( 674 , 598 ) 9
( 674 , 522 ) 38
( 674 , 200 ) 27
( 674 , 341 ) 38
( 675 , 350 ) 12
( 675 , 202 ) 6
( 675 , 159 ) 36
( 675 , 528 ) 25
( 676 , 671 ) 1
( 676 , 679 ) 45
( 676 , 126 ) 46
( 676 , 101 ) 40
( 677 , 128 ) 10
( 677 , 615 ) 9
( 677 , 618 ) 7
( 677 , 275 ) 34
( 678 , 37 ) 1
( 678 , 426 ) 46
( 678 , 337 ) 17
( 678 , 104 ) 42
( 679 , 56 ) 36
( 679 , 368 ) 12
( 679 , 15 ) 34
( 679 , 595 ) 28
( 680 , 72 ) 47
( 680 , 135 ) 11
( 680 , 488 ) 17
( 680 , 680 ) 21
( 681 , 409 ) 46
( 681 , 149 ) 7
( 681 , 156 ) 50
( 681 , 701 ) 25
( 682 , 67 ) 29
( 682 , 413 ) 48
( 682 , 631 ) 6
( 682 , 674 ) 42
( 683 , 311 ) 21
( 683 , 12 ) 32
( 683 , 611 ) 28
( 683 , 443 ) 35
( 684 , 635 ) 22
( 684 , 290 ) 33
( 684 , 283 ) 37
( 684 , 123 ) 41
( 685 , 451 ) 16
( 685 , 409 ) 8
( 685 , 472 ) 39
( 685 , 612 ) 29
( 686 , 439 ) 15
( 686 , 663 ) 36
( 686 , 149 ) 39
( 686 , 559 ) 35
( 687 , 543 ) 3
( 687 , 61 ) 15
( 687 , 488 ) 4
( 687 , 586 ) 17
( 688 , 292 ) 20
( 688 , 298 ) 50
( 688 , 649 ) 10
( 688 , 539 ) 39
( 689 , 543 ) 40
( 689 , 447 ) 42
( 689 , 410 ) 20
( 689 , 202 ) 25
( 690 , 181 ) 21
( 690 , 112 ) 24
( 690 , 682 ) 13
( 690 , 363 ) 36
( 691 , 371 ) 40
( 691 , 572 ) 39
( 691 , 289 ) 36
( 691 , 169 ) 9
( 692 , 118 ) 17
( 692 , 520 ) 41
( 692 , 382 ) 6
( 692 , 408 ) 14
( 693 , 399 ) 42
( 693 , 333 ) 29
( 693 , 155 ) 37
( 693 , 410 ) 16
( 694 , 118 ) 37
( 694 , 431 ) 23
( 694 , 218 ) 38
( 694 , 88 ) 41
( 695 , 370 ) 50
( 695 , 318 ) 21
( 695 , 431 ) 25
( 695 , 507 ) 49
( 696 , 576 ) 3
( 696 , 107 ) 7
( 696 , 421 ) 43
( 696 , 414 ) 17
( 697 , 690 ) 39
( 697 , 647 ) 18
( 697 , 351 ) 37
( 697 , 8 ) 11
( 698 , 497 ) 39
( 698 , 663 ) 27
( 698 , 272 ) 8
( 698 , 333 ) 11
( 699 , 614 ) 38
( 699 , 81 ) 1
( 699 , 407 ) 21
( 699 , 667 ) 35
( 700 , 241 ) 18
( 700 , 256 ) 7
( 700 , 633 ) 9
( 700 , 528 ) 45
( 701 , 125 ) 2
( 701 , 111 ) 26
( 701 , 106 ) 8
( 701 , 5 ) 28
( 702 , 372 ) 14
( 702 , 290 ) 43
( 702 , 17 ) 16
( 702 , 407 ) 9
( 703 , 562 ) 38
( 703 , 239 ) 46
( 703 , 392 ) 25
( 703 , 650 ) 38
( 704 , 30 ) 2
( 704 , 190 ) 8
( 704 , 112 ) 33
( 704 , 12 ) 33
( 705 , 483 ) 15
( 705 , 722 ) 14
( 705 , 557 ) 44
( 705 , 627 ) 9
( 706 , 335 ) 17
( 706 , 614 ) 14
( 706 , 581 ) 17
( 706 , 361 ) 7
( 707 , 668 ) 15
( 707 , 37 ) 27
( 707 , 261 ) 22
( 707 , 325 ) 36
( 708 , 392 ) 10
( 708 , 338 ) 35
( 708 , 713 ) 1
( 708 , 328 ) 40
( 709 , 88 ) 27
( 709 , 543 ) 34
( 709 , 533 ) 19
( 709 , 3 ) 36
( 710 , 622 ) 38
( 710 , 347 ) 27
( 710 , 95 ) 39
( 710 , 118 ) 37
( 711 , 152 ) 5
( 711 , 691 ) 6
( 711 , 608 ) 24
( 711 , 381 ) 14
( 712 , 439 ) 8
( 712 , 722 ) 36
( 712 , 413 ) 42
( 712 , 116 ) 32
( 713 , 519 ) 6
( 713 , 186 ) 25
( 713 , 21 ) 23
( 713 , 690 ) 29
( 714 , 54 ) 28
( 714 , 207 ) 9
( 714 , 143 ) 19
( 714 , 568 ) 16
( 715 , 578 ) 23
( 715 , 98 ) 4
( 715 , 300 ) 49
( 715 , 66 ) 17
( 716 , 270 ) 38
( 716 , 420 ) 14
( 716 , 28 ) 22
( 716 , 108 ) 50
( 717 , 479 ) 30
( 717 , 625 ) 38
( 717 , 456 ) 8
( 717 , 47 ) 21
( 718 , 669 ) 39
( 718 , 398 ) 27
( 718 , 692 ) 29
( 718 , 283 ) 25
( 719 , 127 ) 31
( 719 , 123 ) 13
( 719 , 276 ) 6
( 719 , 65 ) 42
( 720 , 216 ) 12
( 720 , 182 ) 33
( 720 , 138 ) 2
( 720 , 434 ) 9
( 721 , 432 ) 49
( 721 , 395 ) 28
( 721 , 125 ) 50
( 721 , 666 ) 48
( 722 , 359 ) 5
( 722 , 213 ) 38
( 722 , 63 ) 39
( 722 , 112 ) 12
( 723 , 47 ) 45
( 723 , 191 ) 4
( 723 , 588 ) 25
( 723 , 427 ) 50
( 724 , 720 ) 18
( 724 , 540 ) 15
( 724 , 480 ) 28
( 724 , 441 ) 30
( 725 , 264 ) 41
( 725 , 540 ) 8
( 725 , 79 ) 48
( 725 , 15 ) 3
( 726 , 46 ) 10
( 726 , 583 ) 43
( 726 , 134 ) 35
( 726 , 121 ) 21
( 727 , 359 ) 42
( 727 , 129 ) 35
( 727 , 364 ) 33
( 727 , 488 ) 18
( 728 , 344 ) 36
( 728 , 202 ) 15
( 728 , 669 ) 26
( 728 , 292 ) 26
( 729 , 163 ) 34
( 729 , 246 ) 31
( 729 , 481 ) 22
( 729 , 719 ) 6
