( 1 , 152 ) 3
( 1 , 144 ) 12
( 1 , 408 ) 19
( 2 , 537 ) 1
( 2 , 580 ) 31
( 2 , 49 ) 37
( 3 , 75 ) 8
( 3 , 256 ) 23
( 3 , 713 ) 50
( 4 , 425 ) 40
( 4 , 55 ) 25
( 4 , 170 ) 48
( 5 , 396 ) 38
( 5 , 630 ) 12
( 5 , 611 ) 40
( 6 , 280 ) 33
( 6 , 632 ) 30
( 6 , 700 ) 24
( 7 , 155 ) 27
( 7 , 38 ) 44
( 7 , 341 ) 10
( 8 , 541 ) 35
( 8 , 725 ) 41
( 8 , 559 ) 41
( 9 , 39 ) 5
( 9 , 718 ) 12
( 9 , 90 ) 31
( 10 , 200 ) 43
( 10 , 37 ) 32
( 10 , 329 ) 49
( 11 , 320 ) 50
( 11 , 591 ) 50
( 11 , 174 ) 22
( 12 , 44 ) 2
( 12 , 22 ) 40
( 12 , 271 ) 27
( 13 , 344 ) 34
( 13 , 330 ) 8
( 13 , 285 ) 40
( 14 , 54 ) 9
( 14 , 330 ) 15
( 14 , 149 ) 29
( 15 , 616 ) 1
( 15 , 598 ) 10
( 15 , 535 ) 20
( 16 , 385 ) 3
( 16 , 33 ) 38
( 16 , 719 ) 11
( 17 , 498 ) 9
( 17 , 124 ) 5
( 17 , 538 ) 6
( 18 , 712 ) 23
( 18 , 675 ) 13
( 18 , 76 ) 11
( 19 , 175 ) 29
( 19 , 334 ) 37
( 19 , 285 ) 7
( 20 , 447 ) 32
( 20 , 551 ) 11
( 20 , 175 ) 40
( 21 , 688 ) 13
( 21 , 197 ) 39
( 21 , 19 ) 48
( 22 , 405 ) 19
( 22 , 18 ) 18
( 22 , 226 ) 36
( 23 , 468 ) 24
( 23 , 128 ) 43
( 23 , 154 ) 3
( 24 , 726 ) 22
( 24 , 206 ) 30
( 24 , 52 ) 12
( 25 , 70 ) 11
( 25 , 59 ) 3
( 25 , 113 ) 14
( 26 , 603 ) 17
( 26 , 177 ) 50
( 26 , 185 ) 16
( 27 , 355 ) 30
( 27 , 172 ) 7
( 27 , 178 ) 41
( 28 , 109 ) 2
( 28 , 721 ) 41
( 28 , 289 ) 8
( 29 , 87 ) 10
( 29 , 59 ) 28
( 29 , 27 ) 14
( 30 , 179 ) 42
( 30 , 223 ) 18
( 30 , 18 ) 43
( 31 , 134 ) 16
( 31 , 691 ) 46
( 31 , 292 ) 17
( 32 , 476 ) 47
( 32 , 231 ) 10
( 32 , 634 ) 40
( 33 , 463 ) 24
( 33 , 624 ) 4
( 33 , 589 ) 17
( 34 , 687 ) 28
( 34 , 439 ) 22
( 34 , 513 ) 37
( 35 , 631 ) 1
( 35 , 132 ) 25
( 35 , 708 ) 39
( 36 , 227 ) 15
( 36 , 522 ) 35
( 36 , 723 ) 6
( 37 , 475 ) 22
( 37 , 139 ) 3
( 37 , 215 ) 3
( 38 , 87 ) 4
( 38 , 586 ) 23
( 38 , 69 ) 16
( 39 , 633 ) 50
( 39 , 212 ) 34
( 39 , 636 ) 9
( 40 , 666 ) 50
( 40 , 591 ) 44
( 40 , 114 ) 16
( 41 , 181 ) 46
( 41 , 370 ) 4
( 41 , 261 ) 9
( 42 , 308 ) 4
( 42 , 248 ) 34
( 42 , 63 ) 31
( 43 , 605 ) 33
( 43 , 673 ) 42
( 43 , 411 ) 12
( 44 , 94 ) 17
( 44 , 490 ) 46
( 44 , 649 ) 34
( 45 , 443 ) 41
( 45 , 76 ) 9
( 45 , 512 ) 12
( 46 , 452 ) 15
( 46 , 482 ) 46
( 46 , 383 ) 3
( 47 , 407 ) 38
( 47 , 530 ) 49
( 47 , 161 ) 18
( 48 , 8 ) 1
( 48 , 163 ) 43
( 48 , 31 ) 21
( 49 , 30 ) 48
( 49 , 527 ) 11
( 49 , 405 ) 17
( 50 , 158 ) 13
( 50 , 394 ) 20
( 50 , 233 ) 11
( 51 , 189 ) 37
( 51 , 616 ) 41
( 51 , 31 ) 27
( 52 , 676 ) 13
( 52 , 437 ) 39
( 52 , 265 ) 42
( 53 , 152 ) 14
( 53 , 241 ) 6
( 53 , 372 ) 10
( 54 , 264 ) 32
( 54 , 528 ) 17
( 54 , 101 ) 13
( 55 , 471 ) 20
( 55 , 520 ) 41
( 55 , 596 ) 13
( 56 , 73 ) 11
( 56 , 643 ) 21
( 56 , 166 ) 6
( 57 , 279 ) 13
( 57 , 563 ) 39
( 57 , 325 ) 28
( 58 , 632 ) 12
( 58 , 424 ) 19
( 58 , 629 ) 28
( 59 , 333 ) 6
( 59 , 613 ) 8
( 59 , 191 ) 9
( 60 , 133 ) 25
( 60 , 622 ) 47
( 60 , 39 ) 13
( 61 , 618 ) 2
( 61 , 430 ) 22
( 61 , 590 ) 42
( 62 , 137 ) 29
( 62 , 26 ) 39
( 62 , 416 ) 31
( 63 , 622 ) 18
( 63 , 616 ) 41
( 63 , 639 ) 49
( 64 , 635 ) 11
( 64 , 564 ) 23
( 64 , 299 ) 39
( 65 , 483 ) 9
( 65 , 192 ) 23
( 65 , 601 ) 34
( 66 , 532 ) 2
( 66 , 254 ) 36
( 66 , 236 ) 33
( 67 , 12 ) 34
( 67 , 197 ) 20
( 67 , 486 ) 41
( 68 , 422 ) 44
( 68 , 336 ) 9
( 68 , 603 ) 36
( 69 , 687 ) 2
( 69 , 232 ) 36
( 69 , 585 ) 30
( 70 , 18 ) 18
( 70 , 107 ) 19
( 70 , 175 ) 5
( 71 , 30 ) 4
( 71 , 262 ) 34
( 71 , 145 ) 14
( 72 , 358 ) 2
( 72 , 228 ) 25
( 72 , 648 ) 13
( 73 , 111 ) 37
( 73 , 220 ) 22
( 73 , 397 ) 46
( 74 , 304 ) 28
( 74 , 611 ) 26
( 74 , 377 ) 10
( 75 , 487 ) 48
( 75 , 519 ) 1
( 75 , 252 ) 7
( 76 , 375 ) 16
( 76 , 526 ) 45
( 76 , 424 ) 10
( 77 , 501 ) 15
( 77 , 530 ) 32
( 77 , 141 ) 45
( 78 , 390 ) 14
( 78 , 494 ) 27
( 78 , 33 ) 21
( 79 , 193 ) 41
( 79 , 249 ) 22
( 79 , 719 ) 15
( 80 , 384 ) 44
( 80 , 246 ) 31
( 80 , 346 ) 17
( 81 , 37 ) 39
( 81 , 30 ) 20
( 81 , 671 ) 27
( 82 , 45 ) 40
( 82 , 231 ) 32
( 82 , 193 ) 30
( 83 , 31 ) 37
( 83 , 637 ) 21
( 83 , 540 ) 11
( 84 , 335 ) 16
( 84 , 378 ) 36
( 84 , 184 ) 15
( 85 , 12 ) 49
( 85 , 514 ) 29
( 85 , 408 ) 32
( 86 , 283 ) 16
( 86 , 229 ) 30
( 86 , 235 ) 21
( 87 , 276 ) 34
( 87 , 356 ) 39
( 87 , 655 ) 29
( 88 , 612 ) 29
( 88 , 711 ) 11
( 88 , 285 ) 23
( 89 , 36 ) 36
( 89 , 545 ) 26
( 89 , 721 ) 43
( 90 , 637 ) 24
( 90 , 636 ) 22
( 90 , 117 ) 7
( 91 , 636 ) 17
( 91 , 402 ) 23
( 91 , 439 ) 12
( 92 , 224 ) 35
( 92 , 526 ) 33
( 92 , 489 ) 47
( 93 , 406 ) 49
( 93 , 495 ) 20
( 93 , 656 ) 43
( 94 , 508 ) 2
( 94 , 455 ) 18
( 94 , 552 ) 25
( 95 , 144 ) 37
( 95 , 658 ) 12
( 95 , 587 ) 43
( 96 , 252 ) 28
( 96 , 398 ) 4
( 96 , 99 ) 23
( 97 , 392 ) 49
( 97 , 434 ) 29
( 97 , 191 ) 24
( 98 , 176 ) 29
( 98 , 418 ) 31
( 98 , 448 ) 16
( 99 , 366 ) 7
( 99 , 383 ) 7
( 99 , 617 ) 18
( 100 , 574 ) 45
( 100 , 253 ) 24
( 100 , 154 ) 45
( 101 , 242 ) 18
( 101 , 231 ) 40
( 101 , 428 ) 41
( 102 , 211 ) 39
( 102 , 79 ) 2
( 102 , 169 ) 50
( 103 , 143 ) 5
( 103 , 82 ) 38
( 103 , 506 ) 21
( 104 , 18 ) 6
( 104 , 153 ) 43
( 104 , 354 ) 50
( 105 , 185 ) 32
( 105 , 462 ) 11
( 105 , 349 ) 11
( 106 , 395 ) 32
( 106 , 129 ) 24
( 106 , 528 ) 20
( 107 , 686 ) 42
( 107 , 130 ) 18
( 107 , 370 ) 15
( 108 , 593 ) 31
( 108 , 336 ) 27
( 108 , 45 ) 37
( 109 , 565 ) 40
( 109 , 462 ) 15
( 109 , 207 ) 39
( 110 , 186 ) 34
( 110 , 548 ) 21
( 110 , 503 ) 35
( 111 , 344 ) 21
( 111 , 558 ) 37
( 111 , 346 ) 34
( 112 , 488 ) 46
( 112 , 137 ) 5
( 112 , 726 ) 32
( 113 , 216 ) 50
( 113 , 353 ) 17
( 113 , 529 ) 32
( 114 , 689 ) 13
( 114 , 22 ) 10
( 114 , 705 ) 16
( 115 , 563 ) 35
( 115 , 467 ) 15
( 115 , 329 ) 11
( 116 , 621 ) 20
( 116 , 573 ) 40
( 116 , 525 ) 19
( 117 , 382 ) 18
( 117 , 584 ) 14
( 117 , 578 ) 8
( 118 , 43 ) 42
( 118 , 177 ) 15
( 118 , 683 ) 22
( 119 , 323 ) 36
( 119 , 467 ) 23
( 119 , 723 ) 21
( 120 , 655 ) 1
( 120 , 335 ) 2
( 120 , 305 ) 29
( 121 , 604 ) 10
( 121 , 370 ) 31
( 121 , 709 ) 6
( 122 , 235 ) 40
( 122 , 25 ) 50
( 122 , 231 ) 12
( 123 , 662 ) 14
( 123 , 478 ) 18
( 123 , 272 ) 36
( 124 , 227 ) 18
( 124 , 699 ) 13
( 124 , 36 ) 2
( 125 , 287 ) 41
( 125 , 657 ) 35
( 125 , 703 ) 6
( 126 , 249 ) 29
( 126 , 412 ) 26
( 126 , 510 ) 33
( 127 , 11 ) 5
( 127 , 371 ) 19
( 127 , 598 ) 47
( 128 , 701 ) 37
( 128 , 415 ) 49
( 128 , 37 ) 22
( 129 , 133 ) 35
( 129 , 289 ) 6
( 129 , 219 ) 11
( 130 , 144 ) 42
( 130 , 247 ) 25
( 130 , 650 ) 27
( 131 , 432 ) 18
( 131 , 206 ) 45
( 131 , 518 ) 18
( 132 , 668 ) 21
( 132 , 718 ) 21
( 132 , 215 ) 21
( 133 , 121 ) 44
( 133 , 679 ) 7
( 133 , 329 ) 22
( 134 , 495 ) 1
( 134 , 123 ) 38
( 134 , 278 ) 38
( 135 , 203 ) 19
( 135 , 23 ) 24
( 135 , 99 ) 7
( 136 , 357 ) 26
( 136 , 426 ) 3
( 136 , 29 ) 34
( 137 , 380 ) 38
( 137 , 68 ) 44
( 137 , 429 ) 37
( 138 , 409 ) 46
( 138 , 336 ) 11
( 138 , 12 ) 33
( 139 , 120 ) 26
( 139 , 583 ) 34
( 139 , 253 ) 46
( 140 , 73 ) 11
( 140 , 361 ) 28
( 140 , 383 ) 3
( 141 , 259 ) 20
( 141 , 484 ) 3
( 141 , 597 ) 29
( 142 , 427 ) 6
( 142 , 411 ) 41
( 142 , 631 ) 27
( 143 , 159 ) 20
( 143 , 342 ) 1
( 143 , 405 ) 15
( 144 , 445 ) 49
( 144 , 38 ) 49
( 144 , 654 ) 49
( 145 , 648 ) 15
( 145 , 648 ) 26
( 145 , 281 ) 48
( 146 , 563 ) 26
( 146 , 716 ) 15
( 146 , 712 ) 37
( 147 , 7 ) 26
( 147 , 594 ) 14
( 147 , 449 ) 50
( 148 , 232 ) 50
( 148 , 221 ) 34
( 148 , 729 ) 6
( 149 , 302 ) 20
( 149 , 328 ) 30
( 149 , 107 ) 35
( 150 , 312 ) 20
( 150 , 166 ) 15
( 150 , 422 ) 28
( 151 , 52 ) 16
( 151 , 577 ) 46
( 151 , 78 ) 40
( 152 , 470 ) 15
( 152 , 476 ) 26
( 152 , 507 ) 16
( 153 , 670 ) 31
( 153 , 25 ) 20
( 153 , 625 ) 42
( 154 , 189 ) 50
( 154 , 299 ) 8
( 154 , 712 ) 41
( 155 , 267 ) 1
( 155 , 598 ) 44
( 155 , 154 ) 48
( 156 , 404 ) 16
( 156 , 408 ) 4
( 156 , 528 ) 40
( 157 , 208 ) 42
( 157 , 167 ) 33
( 157 , 64 ) 41
( 158 , 159 ) 16
( 158 , 601 ) 4
( 158 , 102 ) 48
( 159 , 497 ) 42
( 159 , 274 ) 15
( 159 , 57 ) 43
( 160 , 54 ) 37
( 160 , 263 ) 20
( 160 , 459 ) 25
( 161 , 651 ) 30
( 161 , 504 ) 15
( 161 , 433 ) 50
( 162 , 539 ) 45
( 162 , 96 ) 36
( 162 , 649 ) 24
( 163 , 206 ) 18
( 163 , 254 ) 50
( 163 , 723 ) 35
( 164 , 306 ) 21
( 164 , 299 ) 12
( 164 , 365 ) 22
( 165 , 264 ) 3
( 165 , 168 ) 17
( 165 , 454 ) 12
( 166 , 279 ) 6
( 166 , 358 ) 45
( 166 , 380 ) 40
( 167 , 477 ) 22
( 167 , 709 ) 1
( 167 , 600 ) 49
( 168 , 283 ) 29
( 168 , 70 ) 49
( 168 , 165 ) 18
( 169 , 287 ) 40
( 169 , 691 ) 16
( 169 , 378 ) 10
( 170 , 592 ) 16
( 170 , 308 ) 2
( 170 , 237 ) 34
( 171 , 274 ) 46
( 171 , 422 ) 7
( 171 , 536 ) 9
( 172 , 707 ) 15
( 172 , 2 ) 40
( 172 , 465 ) 9
( 173 , 397 ) 40
( 173 , 677 ) 33
( 173 , 124 ) 46
( 174 , 629 ) 43
( 174 , 230 ) 36
( 174 , 438 ) 50
( 175 , 120 ) 32
( 175 , 406 ) 2
( 175 , 453 ) 14
( 176 , 686 ) 31
( 176 , 424 ) 22
( 176 , 651 ) 36
( 177 , 300 ) 2
( 177 , 373 ) 19
( 177 , 616 ) 4
( 178 , 671 ) 39
( 178 , 653 ) 7
( 178 , 233 ) 7
( 179 , 644 ) 15
( 179 , 324 ) 18
( 179 , 181 ) 32
( 180 , 403 ) 16
( 180 , 212 ) 37
( 180 , 698 ) 5
( 181 , 577 ) 18
( 181 , 44 ) 46
( 181 , 63 ) 6
( 182 , 672 ) 8
( 182 , 562 ) 5
( 182 , 198 ) 21
( 183 , 668 ) 30
( 183 , 132 ) 43
( 183 , 572 ) 23
( 184 , 558 ) 48
( 184 , 367 ) 50
( 184 , 57 ) 1
( 185 , 38 ) 30
( 185 , 494 ) 29
( 185 , 531 ) 29
( 186 , 191 ) 29
( 186 , 671 ) 4
( 186 , 190 ) 36
( 187 , 308 ) 16
( 187 , 244 ) 34
( 187 , 163 ) 46
( 188 , 561 ) 48
( 188 , 685 ) 1
( 188 , 438 ) 22
( 189 , 278 ) 30
( 189 , 158 ) 47
( 189 , 639 ) 39
( 190 , 655 ) 49
( 190 , 575 ) 21
( 190 , 216 ) 12
( 191 , 650 ) 17
( 191 , 612 ) 45
( 191 , 188 ) 47
( 192 , 487 ) 34
( 192 , 7 ) 14
( 192 , 603 ) 24
( 193 , 359 ) 38
( 193 , 93 ) 21
( 193 , 236 ) 13
( 194 , 427 ) 23
( 194 , 11 ) 34
( 194 , 676 ) 45
( 195 , 578 ) 22
( 195 , 116 ) 14
( 195 , 611 ) 1
( 196 , 166 ) 29
( 196 , 172 ) 22
( 196 , 715 ) 19
( 197 , 267 ) 36
( 197 , 626 ) 49
( 197 , 621 ) 14
( 198 , 122 ) 2
( 198 , 481 ) 40
( 198 , 703 ) 47
( 199 , 192 ) 32
( 199 , 303 ) 14
( 199 , 387 ) 41
( 200 , 580 ) 31
( 200 , 602 ) 37
( 200 , 66 ) 22
( 201 , 610 ) 12
( 201 , 685 ) 17
( 201 , 507 ) 50
( 202 , 76 ) 45
( 202 , 85 ) 43
( 202 , 5 ) 26
( 203 , 30 ) 47
( 203 , 725 ) 29
( 203 , 669 ) 44
( 204 , 326 ) 27
( 204 , 540 ) 50
( 204 , 434 ) 5
( 205 , 567 ) 39
( 205 , 233 ) 13
( 205 , 169 ) 38
( 206 , 725 ) 39
( 206 , 536 ) 14
( 206 , 219 ) 21
( 207 , 216 ) 19
( 207 , 400 ) 30
( 207 , 468 ) 40
( 208 , 609 ) 22
( 208 , 74 ) 7
( 208 , 127 ) 41
( 209 , 710 ) 10
( 209 , 176 ) 17
( 209 , 417 ) 15
( 210 , 291 ) 15
( 210 , 89 ) 48
( 210 , 326 ) 8
( 211 , 77 ) 28
( 211 , 109 ) 1
( 211 , 577 ) 13
( 212 , 600 ) 26
( 212 , 473 ) 49
( 212 , 604 ) 17
( 213 , 283 ) 46
( 213 , 374 ) 16
( 213 , 473 ) 35
( 214 , 396 ) 49
( 214 , 431 ) 27
( 214 , 482 ) 46
( 215 , 152 ) 33
( 215 , 313 ) 16
( 215 , 63 ) 6
( 216 , 417 ) 23
( 216 , 202 ) 5
( 216 , 621 ) 11
( 217 , 313 ) 1
( 217 , 344 ) 25
( 217 , 107 ) 8
( 218 , 276 ) 29
( 218 , 6 ) 12
( 218 , 628 ) 9
( 219 , 641 ) 28
( 219 , 666 ) 20
( 219 , 653 ) 34
( 220 , 270 ) 4
( 220 , 66 ) 34
( 220 , 41 ) 41
( 221 , 369 ) 29
( 221 , 612 ) 41
( 221 , 376 ) 40
( 222 , 384 ) 35
( 222 , 348 ) 49
( 222 , 552 ) 19
( 223 , 53 ) 13
( 223 , 482 ) 7
( 223 , 341 ) 24
( 224 , 35 ) 14
( 224 , 641 ) 24
( 224 , 125 ) 45
( 225 , 275 ) 37
( 225 , 531 ) 21
( 225 , 177 ) 25
( 226 , 604 ) 11
( 226 , 385 ) 38
( 226 , 502 ) 17
( 227 , 88 ) 48
( 227 , 379 ) 4
( 227 , 23 ) 11
( 228 , 578 ) 31
( 228 , 288 ) 29
( 228 , 151 ) 5
( 229 , 32 ) 33
( 229 , 720 ) 13
( 229 , 303 ) 49
( 230 , 161 ) 39
( 230 , 533 ) 7
( 230 , 398 ) 46
( 231 , 457 ) 43
( 231 , 195 ) 7
( 231 , 372 ) 11
( 232 , 155 ) 46
( 232 , 315 ) 43
( 232 , 220 ) 19
( 233 , 250 ) 40
( 233 , 98 ) 25
( 233 , 668 ) 22
( 234 , 493 ) 9
( 234 , 201 ) 19
( 234 , 725 ) 47
( 235 , 71 ) 41
( 235 , 35 ) 10
( 235 , 634 ) 30
( 236 , 95 ) 26
( 236 , 646 ) 48
( 236 , 10 ) 48
( 237 , 87 ) 16
( 237 , 72 ) 17
( 237 , 236 ) 41
( 238 , 230 ) 40
( 238 , 56 ) 25
( 238 , 649 ) 24
( 239 , 165 ) 21
( 239 , 362 ) 43
( 239 , 700 ) 48
( 240 , 681 ) 33
( 240 , 267 ) 8
( 240 , 405 ) 1
( 241 , 117 ) 24
( 241 , 319 ) 9
( 241 , 332 ) 27
( 242 , 428 ) 45
( 242 , 281 ) 49
( 242 , 280 ) 6
( 243 , 478 ) 21
( 243 , 19 ) 1
( 243 , 154 ) 30
( 244 , 559 ) 41
( 244 , 437 ) 40
( 244 , 308 ) 2
( 245 , 189 ) 50
( 245 , 157 ) 10
( 245 , 256 ) 35
( 246 , 562 ) 50
( 246 , 26 ) 39
( 246 , 563 ) 19
( 247 , 439 ) 16
( 247 , 531 ) 1
( 247 , 364 ) 42
( 248 , 624 ) 30
( 248 , 710 ) 43
( 248 , 711 ) 8
( 249 , 605 ) 9
( 249 , 595 ) 11
( 249 , 145 ) 41
( 250 , 61 ) 44
( 250 , 358 ) 5
( 250 , 584 ) 7
( 251 , 11 ) 41
( 251 , 582 ) 4
( 251 , 319 ) 11
( 252 , 139 ) 41
( 252 , 279 ) 3
( 252 , 728 ) 39
( 253 , 700 ) 5
( 253 , 434 ) 49
( 253 , 408 ) 36
( 254 , 530 ) 27
( 254 , 314 ) 9
( 254 , 650 ) 45
( 255 , 708 ) 16
( 255 , 93 ) 15
( 255 , 283 ) 7
( 256 , 107 ) 30
( 256 , 42 ) 46
( 256 , 446 ) 13
( 257 , 268 ) 36
( 257 , 103 ) 11
( 257 , 352 ) 38
( 258 , 100 ) 11
( 258 , 460 ) 34
( 258 , 320 ) 13
( 259 , 462 ) 44
( 259 , 633 ) 29
( 259 , 564 ) 45
( 260 , 106 ) 44
( 260 , 401 ) 9
( 260 , 204 ) 1
( 261 , 577 ) 32
( 261 , 189 ) 4
( 261 , 12 ) 19
( 262 , 263 ) 2
( 262 , 213 ) 15
( 262 , 418 ) 10
( 263 , 426 ) 24
( 263 , 697 ) 22
( 263 , 427 ) 4
( 264 , 448 ) 9
( 264 , 727 ) 42
( 264 , 699 ) 27
( 265 , 638 ) 31
( 265 , 273 ) 17
( 265 , 330 ) 13
( 266 , 247 ) 26
( 266 , 5 ) 43
( 266 , 471 ) 33
( 267 , 118 ) 42
( 267 , 121 ) 38
( 267 , 645 ) 24
( 268 , 102 ) 8
( 268 , 33 ) 41
( 268 , 64 ) 36
( 269 , 114 ) 8
( 269 , 658 ) 4
( 269 , 286 ) 36
( 270 , 497 ) 27
( 270 , 51 ) 32
( 270 , 677 ) 45
( 271 , 683 ) 34
( 271 , 709 ) 27
( 271 , 399 ) 28
( 272 , 261 ) 42
( 272 , 439 ) 13
( 272 , 128 ) 12
( 273 , 23 ) 10
( 273 , 571 ) 33
( 273 , 704 ) 6
( 274 , 284 ) 41
( 274 , 720 ) 20
( 274 , 497 ) 34
( 275 , 177 ) 2
( 275 , 545 ) 2
( 275 , 689 ) 6
( 276 , 403 ) 35
( 276 , 724 ) 29
( 276 , 58 ) 12
( 277 , 100 ) 14
( 277 , 37 ) 47
( 277 , 95 ) 14
( 278 , 442 ) 3
( 278 , 20 ) 20
( 278 , 148 ) 37
( 279 , 203 ) 2
( 279 , 507 ) 33
( 279 , 26 ) 15
( 280 , 566 ) 11
( 280 , 628 ) 28
( 280 , 571 ) 38
( 281 , 259 ) 1
( 281 , 504 ) 35
( 281 , 326 ) 3
( 282 , 383 ) 14
( 282 , 630 ) 6
( 282 , 599 ) 23
( 283 , 349 ) 26
( 283 , 475 ) 19
( 283 , 242 ) 44
( 284 , 357 ) 44
( 284 , 550 ) 21
( 284 , 625 ) 46
( 285 , 378 ) 15
( 285 , 411 ) 4
( 285 , 142 ) 19
( 286 , 434 ) 45
( 286 , 337 ) 7
( 286 , 175 ) 48
( 287 , 665 ) 28
( 287 , 74 ) 36
( 287 , 91 ) 42
( 288 , 234 ) 17
( 288 , 700 ) 11
( 288 , 458 ) 35
( 289 , 594 ) 44
( 289 , 245 ) 39
( 289 , 546 ) 28
( 290 , 550 ) 9
( 290 , 665 ) 24
( 290 , 11 ) 23
( 291 , 94 ) 11
( 291 , 700 ) 37
( 291 , 541 ) 50
( 292 , 465 ) 3
( 292 , 574 ) 6
( 292 , 527 ) 45
( 293 , 384 ) 10
( 293 , 543 ) 34
( 293 , 640 ) 46
( 294 , 527 ) 39
( 294 , 366 ) 10
( 294 , 682 ) 43
( 295 , 477 ) 18
( 295 , 247 ) 4
( 295 , 5 ) 46
( 296 , 403 ) 1
( 296 , 132 ) 23
( 296 , 460 ) 20
( 297 , 640 ) 6
( 297 , 565 ) 33
( 297 , 115 ) 41
( 298 , 276 ) 10
( 298 , 722 ) 31
( 298 , 614 ) 19
( 299 , 87 ) 9
( 299 , 257 ) 43
( 299 , 574 ) 18
( 300 , 711 ) 21
( 300 , 363 ) 50
( 300 , 352 ) 5
( 301 , 582 ) 36
( 301 , 107 ) 47
( 301 , 552 ) 8
( 302 , 313 ) 27
( 302 , 631 ) 29
( 302 , 176 ) 1
( 303 , 31 ) 49
( 303 , 713 ) 42
( 303 , 506 ) 22
( 304 , 549 ) 44
( 304 , 370 ) 9
( 304 , 583 ) 26
( 305 , 161 ) 37
( 305 , 541 ) 29
( 305 , 32 ) 49
( 306 , 174 ) 46
( 306 , 512 ) 24
( 306 , 230 ) 24
( 307 , 729 ) 32
( 307 , 224 ) 44
( 307 , 701 ) 28
( 308 , 709 ) 38
( 308 , 74 ) 48
( 308 , 408 ) 44
( 309 , 94 ) 3
( 309 , 309 ) 32
( 309 , 403 ) 4
( 310 , 347 ) 35
( 310 , 630 ) 9
( 310 , 17 ) 28
( 311 , 686 ) 9
( 311 , 456 ) 14
( 311 , 208 ) 47
( 312 , 129 ) 39
( 312 , 609 ) 45
( 312 , 59 ) 32
( 313 , 610 ) 37
( 313 , 403 ) 1
( 313 , 674 ) 22
( 314 , 94 ) 7
( 314 , 35 ) 5
( 314 , 32 ) 3
( 315 , 436 ) 4
( 315 , 594 ) 48
( 315 , 577 ) 35
( 316 , 112 ) 37
( 316 , 456 ) 1
( 316 , 466 ) 6
( 317 , 315 ) 6
( 317 , 178 ) 3
( 317 , 20 ) 45
( 318 , 547 ) 44
( 318 , 121 ) 29
( 318 , 87 ) 6
( 319 , 504 ) 32
( 319 , 561 ) 1
( 319 , 337 ) 46
( 320 , 367 ) 31
( 320 , 530 ) 27
( 320 , 125 ) 21
( 321 , 391 ) 19
( 321 , 12 ) 33
( 321 , 159 ) 49
( 322 , 254 ) 7
( 322 , 281 ) 13
( 322 , 461 ) 21
( 323 , 19 ) 14
( 323 , 132 ) 6
( 323 , 176 ) 23
( 324 , 183 ) 42
( 324 , 413 ) 46
( 324 , 428 ) 45
( 325 , 507 ) 22
( 325 , 139 ) 31
( 325 , 587 ) 15
( 326 , 92 ) 19
( 326 , 653 ) 48
( 326 , 649 ) 33
( 327 , 531 ) 25
( 327 , 653 ) 48
( 327 , 400 ) 2
( 328 , 3 ) 21
( 328 , 47 ) 28
( 328 , 302 ) 18
( 329 , 228 ) 17
( 329 , 58 ) 20
( 329 , 219 ) 40
( 330 , 443 ) 7
( 330 , 279 ) 15
( 330 , 685 ) 12
( 331 , 392 ) 5
( 331 , 60 ) 46
( 331 , 636 ) 20
( 332 , 553 ) 13
( 332 , 618 ) 31
( 332 , 288 ) 27
( 333 , 502 ) 49
( 333 , 379 ) 36
( 333 , 230 ) 37
( 334 , 340 ) 38
( 334 , 140 ) 49
( 334 , 244 ) 9
( 335 , 422 ) 28
( 335 , 64 ) 25
( 335 , 307 ) 35
( 336 , 210 ) 15
( 336 , 301 ) 33
( 336 , 488 ) 27
( 337 , 611 ) 37
( 337 , 71 ) 36
( 337 , 78 ) 21
( 338 , 65 ) 38
( 338 , 605 ) 20
( 338 , 611 ) 24
( 339 , 391 ) 32
( 339 , 275 ) 30
( 339 , 584 ) 49
( 340 , 103 ) 22
( 340 , 601 ) 36
( 340 , 109 ) 44
( 341 , 667 ) 14
( 341 , 123 ) 33
( 341 , 404 ) 50
( 342 , 316 ) 50
( 342 , 267 ) 48
( 342 , 608 ) 40
( 343 , 561 ) 47
( 343 , 63 ) 30
( 343 , 152 ) 23
( 344 , 231 ) 4
( 344 , 232 ) 25
( 344 , 223 ) 17
( 345 , 273 ) 33
( 345 , 276 ) 26
( 345 , 142 ) 6
( 346 , 32 ) 1
( 346 , 243 ) 26
( 346 , 46 ) 24
( 347 , 55 ) 26
( 347 , 657 ) 23
( 347 , 217 ) 49
( 348 , 359 ) 42
( 348 , 720 ) 9
( 348 , 455 ) 27
( 349 , 382 ) 20
( 349 , 446 ) 46
( 349 , 103 ) 40
( 350 , 175 ) 28
( 350 , 332 ) 32
( 350 , 124 ) 28
( 351 , 500 ) 32
( 351 , 32 ) 22
( 351 , 293 ) 50
( 352 , 38 ) 40
( 352 , 525 ) 26
( 352 , 598 ) 11
( 353 , 680 ) 21
( 353 , 109 ) 10
( 353 , 436 ) 41
( 354 , 9 ) 24
( 354 , 427 ) 2
( 354 , 57 ) 16
( 355 , 124 ) 35
( 355 , 282 ) 49
( 355 , 656 ) 24
( 356 , 319 ) 12
( 356 , 711 ) 39
( 356 , 251 ) 25
( 357 , 119 ) 8
( 357 , 446 ) 9
( 357 , 18 ) 32
( 358 , 516 ) 7
( 358 , 423 ) 27
( 358 , 199 ) 21
( 359 , 164 ) 8
( 359 , 388 ) 12
( 359 , 374 ) 29
( 360 , 341 ) 34
( 360 , 260 ) 34
( 360 , 716 ) 41
( 361 , 527 ) 23
( 361 , 329 ) 17
( 361 , 534 ) 47
( 362 , 266 ) 1
( 362 , 632 ) 25
( 362 , 673 ) 10
( 363 , 295 ) 11
( 363 , 300 ) 7
( 363 , 47 ) 9
( 364 , 64 ) 28
( 364 , 238 ) 6
( 364 , 359 ) 34
( 365 , 572 ) 21
( 365 , 170 ) 45
( 365 , 318 ) 41
( 366 , 93 ) 38
( 366 , 221 ) 3
( 366 , 98 ) 21
( 367 , 113 ) 45
( 367 , 217 ) 34
( 367 , 52 ) 26
( 368 , 407 ) 37
( 368 , 13 ) 39
( 368 , 399 ) 31
( 369 , 304 ) 30
( 369 , 116 ) 7
( 369 , 71 ) 50
( 370 , 197 ) 43
( 370 , 69 ) 20
( 370 , 199 ) 3
( 371 , 680 ) 12
( 371 , 76 ) 16
( 371 , 276 ) 10
( 372 , 622 ) 49
( 372 , 280 ) 24
( 372 , 483 ) 29
( 373 , 475 ) 47
( 373 , 542 ) 20
( 373 , 512 ) 15
( 374 , 661 ) 26
( 374 , 642 ) 49
( 374 , 478 ) 38
( 375 , 342 ) 3
( 375 , 197 ) 17
( 375 , 287 ) 46
( 376 , 683 ) 49
( 376 , 112 ) 2
( 376 , 156 ) 41
( 377 , 582 ) 36
( 377 , 381 ) 27
( 377 , 251 ) 34
( 378 , 579 ) 33
( 378 , 503 ) 10
( 378 , 35 ) 31
( 379 , 135 ) 49
( 379 , 185 ) 46
( 379 , 8 ) 23
( 380 , 250 ) 30
( 380 , 188 ) 41
( 380 , 596 ) 37
( 381 , 34 ) 37
( 381 , 123 ) 50
( 381 , 178 ) 11
( 382 , 536 ) 35
( 382 , 599 ) 37
( 382 , 481 ) 22
( 383 , 431 ) 13
( 383 , 117 ) 49
( 383 , 532 ) 2
( 384 , 581 ) 15
( 384 , 715 ) 36
( 384 , 310 ) 16
( 385 , 527 ) 41
( 385 , 245 ) 47
( 385 , 49 ) 42
( 386 , 337 ) 29
( 386 , 385 ) 45
( 386 , 413 ) 30
( 387 , 717 ) 8
( 387 , 703 ) 29
( 387 , 707 ) 19
( 388 , 129 ) 31
( 388 , 455 ) 12
( 388 , 106 ) 40
( 389 , 238 ) 24
( 389 , 552 ) 24
( 389 , 208 ) 34
( 390 , 207 ) 21
( 390 , 104 ) 13
( 390 , 325 ) 44
( 391 , 99 ) 47
( 391 , 496 ) 24
( 391 , 490 ) 4
( 392 , 15 ) 7
( 392 , 66 ) 28
( 392 , 276 ) 43
( 393 , 710 ) 24
( 393 , 463 ) 34
( 393 , 528 ) 44
( 394 , 262 ) 39
( 394 , 362 ) 12
( 394 , 70 ) 3
( 395 , 171 ) 34
( 395 , 522 ) 34
( 395 , 517 ) 42
( 396 , 718 ) 16
( 396 , 465 ) 32
( 396 , 667 ) 46
( 397 , 457 ) 35
( 397 , 129 ) 32
( 397 , 704 ) 19
( 398 , 159 ) 8
( 398 , 677 ) 5
( 398 , 108 ) 6
( 399 , 553 ) 31
( 399 , 172 ) 25
( 399 , 375 ) 49
( 400 , 533 ) 20
( 400 , 400 ) 47
( 400 , 456 ) 38
( 401 , 50 ) 32
( 401 , 556 ) 48
( 401 , 316 ) 20
( 402 , 575 ) 22
( 402 , 581 ) 34
( 402 , 53 ) 22
( 403 , 618 ) 13
( 403 , 43 ) 39
( 403 , 99 ) 48
( 404 , 161 ) 11
( 404 , 460 ) 50
( 404 , 279 ) 30
( 405 , 708 ) 33
( 405 , 712 ) 48
( 405 , 681 ) 8
( 406 , 654 ) 22
( 406 , 168 ) 1
( 406 , 100 ) 1
( 407 , 124 ) 17
( 407 , 616 ) 25
( 407 , 622 ) 1
( 408 , 218 ) 45
( 408 , 519 ) 8
( 408 , 176 ) 14
( 409 , 190 ) 38
( 409 , 9 ) 38
( 409 , 642 ) 49
( 410 , 277 ) 43
( 410 , 410 ) 30
( 410 , 470 ) 36
( 411 , 497 ) 8
( 411 , 390 ) 17
( 411 , 376 ) 21
( 412 , 702 ) 8
( 412 , 276 ) 28
( 412 , 474 ) 30
( 413 , 565 ) 32
( 413 , 722 ) 27
( 413 , 267 ) 50
( 414 , 242 ) 35
( 414 , 168 ) 14
( 414 , 130 ) 17
( 415 , 608 ) 42
( 415 , 643 ) 31
( 415 , 365 ) 2
( 416 , 180 ) 41
( 416 , 16 ) 35
( 416 , 450 ) 25
( 417 , 259 ) 24
( 417 , 509 ) 10
( 417 , 205 ) 25
( 418 , 652 ) 40
( 418 , 546 ) 9
( 418 , 644 ) 5
( 419 , 226 ) 34
( 419 , 562 ) 8
( 419 , 131 ) 5
( 420 , 636 ) 33
( 420 , 437 ) 23
( 420 , 375 ) 13
( 421 , 75 ) 47
( 421 , 506 ) 42
( 421 , 632 ) 40
( 422 , 70 ) 9
( 422 , 504 ) 42
( 422 , 177 ) 24
( 423 , 603 ) 24
( 423 , 177 ) 47
( 423 , 240 ) 42
( 424 , 120 ) 21
( 424 , 672 ) 4
( 424 , 164 ) 13
( 425 , 442 ) 12
( 425 , 618 ) 15
( 425 , 57 ) 20
( 426 , 677 ) 36
( 426 , 39 ) 41
( 426 , 287 ) 44
( 427 , 705 ) 9
( 427 , 34 ) 2
( 427 , 421 ) 43
( 428 , 73 ) 22
( 428 , 664 ) 47
( 428 , 280 ) 32
( 429 , 202 ) 45
( 429 , 374 ) 22
( 429 , 235 ) 38
( 430 , 128 ) 7
( 430 , 160 ) 17
( 430 , 221 ) 28
( 431 , 37 ) 41
( 431 , 656 ) 21
( 431 , 178 ) 46
( 432 , 294 ) 24
( 432 , 590 ) 44
( 432 , 451 ) 15
( 433 , 310 ) 41
( 433 , 197 ) 31
( 433 , 41 ) 10
( 434 , 19 ) 4
( 434 , 557 ) 25
( 434 , 192 ) 17
( 435 , 302 ) 26
( 435 , 210 ) 35
( 435 , 64 ) 17
( 436 , 721 ) 17
( 436 , 647 ) 46
( 436 , 91 ) 27
( 437 , 21 ) 21
( 437 , 203 ) 18
( 437 , 557 ) 27
( 438 , 643 ) 29
( 438 , 628 ) 14
( 438 , 219 ) 8
( 439 , 456 ) 46
( 439 , 695 ) 42
( 439 , 92 ) 8
( 440 , 140 ) 1
( 440 , 648 ) 28
( 440 , 141 ) 3
( 441 , 395 ) 42
( 441 , 222 ) 46
( 441 , 651 ) 44
( 442 , 310 ) 37
( 442 , 598 ) 8
( 442 , 15 ) 17
( 443 , 577 ) 42
( 443 , 26 ) 35
( 443 , 636 ) 45
( 444 , 175 ) 46
( 444 , 560 ) 19
( 444 , 712 ) 35
( 445 , 697 ) 1
( 445 , 421 ) 31
( 445 , 124 ) 48
( 446 , 439 ) 16
( 446 , 89 ) 35
( 446 , 725 ) 20
( 447 , 79 ) 21
( 447 , 433 ) 12
( 447 , 287 ) 49
( 448 , 171 ) 6
( 448 , 607 ) 35
( 448 , 179 ) 48
( 449 , 476 ) 24
( 449 , 534 ) 46
( 449 , 304 ) 12
( 450 , 674 ) 10
( 450 , 191 ) 32
( 450 , 252 ) 33
( 451 , 379 ) 28
( 451 , 103 ) 14
( 451 , 534 ) 42
( 452 , 368 ) 37
( 452 , 264 ) 18
( 452 , 329 ) 16
( 453 , 647 ) 46
( 453 , 50 ) 24
( 453 , 342 ) 36
( 454 , 588 ) 40
( 454 , 592 ) 31
( 454 , 673 ) 17
( 455 , 214 ) 38
( 455 , 476 ) 4
( 455 , 152 ) 36
( 456 , 637 ) 10
( 456 , 719 ) 36
( 456 , 487 ) 21
( 457 , 390 ) 6
( 457 , 493 ) 2
( 457 , 120 ) 6
( 458 , 646 ) 6
( 458 , 435 ) 9
( 458 , 126 ) 36
( 459 , 84 ) 27
( 459 , 644 ) 4
( 459 , 49 ) 6
( 460 , 294 ) 26
( 460 , 620 ) 41
( 460 , 722 ) 10
( 461 , 199 ) 35
( 461 , 60 ) 22
( 461 , 258 ) 46
( 462 , 588 ) 1
( 462 , 659 ) 3
( 462 , 2 ) 25
( 463 , 704 ) 5
( 463 , 594 ) 27
( 463 , 94 ) 40
( 464 , 542 ) 29
( 464 , 54 ) 16
( 464 , 557 ) 28
( 465 , 363 ) 11
( 465 , 301 ) 13
( 465 , 279 ) 17
( 466 , 645 ) 13
( 466 , 178 ) 2
( 466 , 287 ) 37
( 467 , 176 ) 9
( 467 , 374 ) 10
( 467 , 492 ) 6
( 468 , 273 ) 43
( 468 , 694 ) 1
( 468 , 90 ) 2
( 469 , 369 ) 27
( 469 , 386 ) 34
( 469 , 133 ) 50
( 470 , 631 ) 38
( 470 , 362 ) 33
( 470 , 506 ) 9
( 471 , 705 ) 42
( 471 , 267 ) 19
( 471 , 163 ) 35
( 472 , 604 ) 42
( 472 , 3 ) 25
( 472 , 370 ) 31
( 473 , 541 ) 21
( 473 , 238 ) 15
( 473 , 723 ) 11
( 474 , 640 ) 24
( 474 , 587 ) 36
( 474 , 526 ) 36
( 475 , 192 ) 35
( 475 , 306 ) 35
( 475 , 484 ) 45
( 476 , 388 ) 16
( 476 , 268 ) 26
( 476 , 203 ) 9
( 477 , 342 ) 7
( 477 , 660 ) 8
( 477 , 535 ) 45
( 478 , 504 ) 50
( 478 , 338 ) 39
( 478 , 619 ) 41
( 479 , 614 ) 18
( 479 , 7 ) 29
( 479 , 414 ) 37
( 480 , 83 ) 28
( 480 , 639 ) 15
( 480 , 648 ) 44
( 481 , 700 ) 37
( 481 , 447 ) 33
( 481 , 170 ) 10
( 482 , 545 ) 24
( 482 , 440 ) 32
( 482 , 503 ) 34
( 483 , 371 ) 4
( 483 , 716 ) 45
( 483 , 261 ) 46
( 484 , 384 ) 26
( 484 , 727 ) 6
( 484 , 349 ) 42
( 485 , 398 ) 15
( 485 , 35 ) 30
( 485 , 269 ) 46
( 486 , 478 ) 47
( 486 , 409 ) 46
( 486 , 272 ) 28
( 487 , 692 ) 34
( 487 , 558 ) 25
( 487 , 443 ) 29
( 488 , 510 ) 39
( 488 , 649 ) 32
( 488 , 203 ) 4
( 489 , 184 ) 47
( 489 , 322 ) 4
( 489 , 572 ) 40
( 490 , 339 ) 47
( 490 , 586 ) 48
( 490 , 265 ) 13
( 491 , 524 ) 18
( 491 , 129 ) 14
( 491 , 729 ) 24
( 492 , 396 ) 11
( 492 , 502 ) 4
( 492 , 330 ) 1
( 493 , 420 ) 10
( 493 , 33 ) 21
( 493 , 313 ) 43
( 494 , 362 ) 50
( 494 , 209 ) 26
( 494 , 166 ) 30
( 495 , 122 ) 48
( 495 , 20 ) 1
( 495 , 410 ) 22
( 496 , 327 ) 46
( 496 , 726 ) 19
( 496 , 642 ) 28
( 497 , 709 ) 41
( 497 , 478 ) 14
( 497 , 297 ) 24
( 498 , 619 ) 11
( 498 , 10 ) 9
( 498 , 322 ) 44
( 499 , 336 ) 18
( 499 , 531 ) 2
( 499 , 629 ) 35
( 500 , 11 ) 50
( 500 , 71 ) 46
( 500 , 214 ) 36
( 501 , 371 ) 47
( 501 , 100 ) 16
( 501 , 512 ) 21
( 502 , 235 ) 24
( 502 , 389 ) 13
( 502 , 358 ) 48
( 503 , 656 ) 32
( 503 , 90 ) 24
( 503 , 461 ) 20
( 504 , 36 ) 25
( 504 , 696 ) 1
( 504 , 685 ) 31
( 505 , 504 ) 26
( 505 , 352 ) 15
( 505 , 118 ) 44
( 506 , 228 ) 23
( 506 , 392 ) 37
( 506 , 705 ) 4
( 507 , 275 ) 9
( 507 , 714 ) 16
( 507 , 37 ) 24
( 508 , 420 ) 25
( 508 , 433 ) 32
( 508 , 337 ) 16
( 509 , 373 ) 41
( 509 , 383 ) 22
( 509 , 561 ) 1
( 510 , 124 ) 40
( 510 , 543 ) 29
( 510 , 625 ) 38
( 511 , 570 ) 18
( 511 , 303 ) 25
( 511 , 513 ) 20
( 512 , 598 ) 14
( 512 , 179 ) 3
( 512 , 364 ) 3
( 513 , 74 ) 22
( 513 , 611 ) 19
( 513 , 625 ) 8
( 514 , 21 ) 34
( 514 , 609 ) 13
( 514 , 95 ) 2
( 515 , 436 ) 32
( 515 , 385 ) 31
( 515 , 151 ) 29
( 516 , 632 ) 18
( 516 , 85 ) 14
( 516 , 545 ) 43
( 517 , 420 ) 25
( 517 , 204 ) 23
( 517 , 196 ) 21
( 518 , 298 ) 12
( 518 , 420 ) 5
( 518 , 622 ) 12
( 519 , 502 ) 10
( 519 , 80 ) 20
( 519 , 259 ) 31
( 520 , 450 ) 22
( 520 , 560 ) 49
( 520 , 112 ) 34
( 521 , 527 ) 35
( 521 , 608 ) 16
( 521 , 115 ) 4
( 522 , 424 ) 24
( 522 , 608 ) 42
( 522 , 237 ) 33
( 523 , 213 ) 11
( 523 , 295 ) 40
( 523 , 491 ) 22
( 524 , 432 ) 37
( 524 , 57 ) 22
( 524 , 666 ) 22
( 525 , 566 ) 39
( 525 , 213 ) 11
( 525 , 324 ) 46
( 526 , 74 ) 2
( 526 , 726 ) 31
( 526 , 351 ) 12
( 527 , 503 ) 49
( 527 , 84 ) 50
( 527 , 339 ) 14
( 528 , 389 ) 3
( 528 , 621 ) 23
( 528 , 77 ) 48
( 529 , 623 ) 15
( 529 , 497 ) 7
( 529 , 397 ) 8
( 530 , 564 ) 9
( 530 , 270 ) 42
( 530 , 698 ) 24
( 531 , 496 ) 29
( 531 , 480 ) 13
( 531 , 104 ) 44
( 532 , 132 ) 13
( 532 , 127 ) 1
( 532 , 560 ) 46
( 533 , 561 ) 48
( 533 , 717 ) 1
( 533 , 228 ) 37
( 534 , 151 ) 14
( 534 , 577 ) 48
( 534 , 137 ) 39
( 535 , 438 ) 3
( 535 , 725 ) 28
( 535 , 341 ) 32
( 536 , 48 ) 39
( 536 , 80 ) 2
( 536 , 675 ) 34
( 537 , 395 ) 2
( 537 , 621 ) 15
( 537 , 12 ) 3
( 538 , 606 ) 10
( 538 , 226 ) 34
( 538 , 256 ) 32
( 539 , 607 ) 35
( 539 , 311 ) 44
( 539 , 413 ) 13
( 540 , 570 ) 44
( 540 , 285 ) 15
( 540 , 661 ) 47
( 541 , 627 ) 47
( 541 , 302 ) 43
( 541 , 261 ) 40
( 542 , 172 ) 24
( 542 , 679 ) 29
( 542 , 593 ) 40
( 543 , 184 ) 24
( 543 , 490 ) 17
( 543 , 698 ) 12
( 544 , 554 ) 13
( 544 , 256 ) 29
( 544 , 368 ) 17
( 545 , 308 ) 20
( 545 , 423 ) 20
( 545 , 688 ) 26
( 546 , 703 ) 26
( 546 , 364 ) 43
( 546 , 330 ) 44
( 547 , 496 ) 9
( 547 , 575 ) 48
( 547 , 80 ) 3
( 548 , 22 ) 33
( 548 , 551 ) 50
( 548 , 533 ) 13
( 549 , 616 ) 50
( 549 , 643 ) 29
( 549 , 323 ) 48
( 550 , 224 ) 19
( 550 , 704 ) 43
( 550 , 181 ) 23
( 551 , 21 ) 30
( 551 , 396 ) 16
( 551 , 473 ) 40
( 552 , 94 ) 43
( 552 , 164 ) 30
( 552 , 666 ) 31
( 553 , 282 ) 30
( 553 , 706 ) 29
( 553 , 137 ) 19
( 554 , 270 ) 2
( 554 , 268 ) 20
( 554 , 684 ) 45
( 555 , 528 ) 16
( 555 , 415 ) 25
( 555 , 7 ) 24
( 556 , 110 ) 20
( 556 , 145 ) 37
( 556 , 68 ) 25
( 557 , 645 ) 40
( 557 , 718 ) 32
( 557 , 562 ) 22
( 558 , 698 ) 19
( 558 , 170 ) 35
( 558 , 468 ) 3
( 559 , 32 ) 13
( 559 , 92 ) 44
( 559 , 167 ) 41
( 560 , 508 ) 45
( 560 , 322 ) 12
( 560 , 149 ) 38
( 561 , 570 ) 34
( 561 , 656 ) 29
( 561 , 539 ) 38
( 562 , 100 ) 50
( 562 , 30 ) 46
( 562 , 705 ) 8
( 563 , 25 ) 17
( 563 , 216 ) 15
( 563 , 314 ) 4
( 564 , 410 ) 24
( 564 , 368 ) 34
( 564 , 336 ) 26
( 565 , 288 ) 28
( 565 , 348 ) 8
( 565 , 385 ) 27
( 566 , 727 ) 31
( 566 , 452 ) 12
( 566 , 662 ) 31
( 567 , 567 ) 26
( 567 , 89 ) 47
( 567 , 156 ) 40
( 568 , 486 ) 26
( 568 , 304 ) 17
( 568 , 198 ) 31
( 569 , 54 ) 44
( 569 , 538 ) 30
( 569 , 429 ) 15
( 570 , 697 ) 24
( 570 , 68 ) 35
( 570 , 33 ) 16
( 571 , 698 ) 33
( 571 , 695 ) 37
( 571 , 235 ) 14
( 572 , 644 ) 11
( 572 , 163 ) 41
( 572 , 452 ) 14
( 573 , 592 ) 39
( 573 , 89 ) 18
( 573 , 78 ) 18
( 574 , 261 ) 39
( 574 , 339 ) 26
( 574 , 606 ) 21
( 575 , 36 ) 2
( 575 , 50 ) 20
( 575 , 701 ) 9
( 576 , 558 ) 13
( 576 , 133 ) 22
( 576 , 6 ) 45
( 577 , 544 ) 39
( 577 , 208 ) 12
( 577 , 565 ) 40
( 578 , 161 ) 35
( 578 , 403 ) 10
( 578 , 710 ) 17
( 579 , 131 ) 36
( 579 , 727 ) 28
( 579 , 159 ) 32
( 580 , 653 ) 18
( 580 , 347 ) 43
( 580 , 350 ) 5
( 581 , 508 ) 30
( 581 , 327 ) 12
( 581 , 508 ) 49
( 582 , 47 ) 18
( 582 , 192 ) 9
( 582 , 670 ) 3
( 583 , 629 ) 25
( 583 , 361 ) 40
( 583 , 229 ) 31
( 584 , 262 ) 35
( 584 , 289 ) 31
( 584 , 514 ) 1
( 585 , 190 ) 34
( 585 , 466 ) 1
( 585 , 142 ) 2
( 586 , 541 ) 27
( 586 , 372 ) 32
( 586 , 445 ) 20
( 587 , 459 ) 31
( 587 , 109 ) 26
( 587 , 259 ) 6
( 588 , 174 ) 39
( 588 , 514 ) 36
( 588 , 97 ) 46
( 589 , 320 ) 34
( 589 , 666 ) 9
( 589 , 184 ) 1
( 590 , 672 ) 45
( 590 , 567 ) 46
( 590 , 156 ) 5
( 591 , 267 ) 5
( 591 , 427 ) 41
( 591 , 527 ) 41
( 592 , 78 ) 17
( 592 , 688 ) 26
( 592 , 268 ) 32
( 593 , 629 ) 48
( 593 , 108 ) 37
( 593 , 260 ) 25
( 594 , 581 ) 44
( 594 , 237 ) 29
( 594 , 672 ) 45
( 595 , 93 ) 7
( 595 , 229 ) 29
( 595 , 195 ) 36
( 596 , 237 ) 9
( 596 , 647 ) 48
( 596 , 480 ) 44
( 597 , 11 ) 19
( 597 , 364 ) 41
( 597 , 247 ) 1
( 598 , 542 ) 1
( 598 , 649 ) 18
( 598 , 146 ) 19
( 599 , 444 ) 10
( 599 , 91 ) 35
( 599 , 646 ) 12
( 600 , 47 ) 44
( 600 , 104 ) 41
( 600 , 265 ) 7
( 601 , 320 ) 19
( 601 , 124 ) 46
( 601 , 322 ) 39
( 602 , 463 ) 3
( 602 , 204 ) 29
( 602 , 468 ) 1
( 603 , 293 ) 40
( 603 , 274 ) 12
( 603 , 620 ) 10
( 604 , 214 ) 48
( 604 , 27 ) 25
( 604 , 677 ) 9
( 605 , 143 ) 26
( 605 , 455 ) 11
( 605 , 146 ) 11
( 606 , 573 ) 39
( 606 , 226 ) 6
( 606 , 476 ) 25
( 607 , 364 ) 38
( 607 , 266 ) 13
( 607 , 597 ) 27
( 608 , 177 ) 1
( 608 , 222 ) 43
( 608 , 244 ) 46
( 609 , 305 ) 7
( 609 , 56 ) 45
( 609 , 695 ) 3
( 610 , 650 ) 13
( 610 , 391 ) 47
( 610 , 277 ) 27
( 611 , 686 ) 27
( 611 , 82 ) 48
( 611 , 154 ) 47
( 612 , 705 ) 28
( 612 , 229 ) 35
( 612 , 376 ) 26
( 613 , 109 ) 40
( 613 , 147 ) 50
( 613 , 149 ) 8
( 614 , 634 ) 44
( 614 , 423 ) 37
( 614 , 437 ) 21
( 615 , 442 ) 44
( 615 , 635 ) 18
( 615 , 476 ) 14
( 616 , 481 ) 13
( 616 , 649 ) 11
( 616 , 73 ) 28
( 617 , 573 ) 35
( 617 , 7 ) 28
( 617 , 677 ) 5
( 618 , 719 ) 33
( 618 , 689 ) 9
( 618 , 163 ) 28
( 619 , 690 ) 35
( 619 , 107 ) 3
( 619 , 315 ) 29
( 620 , 294 ) 9
( 620 , 604 ) 27
( 620 , 511 ) 19
( 621 , 293 ) 37
( 621 , 285 ) 48
( 621 , 189 ) 19
( 622 , 277 ) 12
( 622 , 607 ) 14
( 622 , 56 ) 5
( 623 , 122 ) 32
( 623 , 394 ) 49
( 623 , 285 ) 40
( 624 , 298 ) 31
( 624 , 116 ) 36
( 624 , 299 ) 45
( 625 , 461 ) 9
( 625 , 499 ) 36
( 625 , 285 ) 33
( 626 , 133 ) 3
( 626 , 35 ) 37
( 626 , 653 ) 1
( 627 , 70 ) 5
( 627 , 589 ) 43
( 627 , 415 ) 28
( 628 , 117 ) 47
( 628 , 434 ) 10
( 628 , 89 ) 13
( 629 , 573 ) 21
( 629 , 259 ) 34
( 629 , 188 ) 7
( 630 , 638 ) 49
( 630 , 655 ) 3
( 630 , 99 ) 1
( 631 , 547 ) 24
( 631 , 179 ) 28
( 631 , 52 ) 37
( 632 , 73 ) 32
( 632 , 135 ) 8
( 632 , 44 ) 2
( 633 , 266 ) 35
( 633 , 477 ) 15
( 633 , 446 ) 37
( 634 , 397 ) 5
( 634 , 575 ) 22
( 634 , 264 ) 14
( 635 , 324 ) 43
( 635 , 605 ) 17
( 635 , 264 ) 20
( 636 , 617 ) 12
( 636 , 144 ) 46
( 636 , 577 ) 13
( 637 , 153 ) 21
( 637 , 345 ) 6
( 637 , 106 ) 44
( 638 , 720 ) 30
( 638 , 698 ) 43
( 638 , 361 ) 28
( 639 , 291 ) 35
( 639 , 618 ) 47
( 639 , 230 ) 49
( 640 , 54 ) 13
( 640 , 516 ) 20
( 640 , 430 ) 11
( 641 , 264 ) 15
( 641 , 441 ) 32
( 641 , 517 ) 39
( 642 , 542 ) 46
( 642 , 410 ) 26
( 642 , 719 ) 50
( 643 , 242 ) 34
( 643 , 303 ) 7
( 643 , 286 ) 42
( 644 , 126 ) 45
( 644 , 605 ) 20
( 644 , 686 ) 1
( 645 , 363 ) 37
( 645 , 535 ) 35
( 645 , 561 ) 33
( 646 , 393 ) 28
( 646 , 364 ) 46
( 646 , 474 ) 49
( 647 , 146 ) 49
( 647 , 112 ) 46
( 647 , 283 ) 38
( 648 , 152 ) 9
( 648 , 610 ) 11
( 648 , 141 ) 20
( 649 , 675 ) 5
( 649 , 564 ) 1
( 649 , 519 ) 28
( 650 , 592 ) 49
( 650 , 639 ) 17
( 650 , 136 ) 41
( 651 , 138 ) 21
( 651 , 28 ) 47
( 651 , 537 ) 18
( 652 , 598 ) 9
( 652 , 198 ) 31
( 652 , 685 ) 49
( 653 , 299 ) 39
( 653 , 76 ) 8
( 653 , 501 ) 7
( 654 , 138 ) 15
( 654 , 93 ) 34
( 654 , 572 ) 18
( 655 , 353 ) 40
( 655 , 377 ) 4
( 655 , 112 ) 9
( 656 , 490 ) 47
( 656 , 229 ) 26
( 656 , 380 ) 45
( 657 , 181 ) 33
( 657 , 288 ) 13
( 657 , 225 ) 11
( 658 , 182 ) 2
( 658 , 336 ) 16
( 658 , 249 ) 8
( 659 , 435 ) 38
( 659 , 291 ) 44
( 659 , 564 ) 34
( 660 , 246 ) 44
( 660 , 349 ) 4
( 660 , 102 ) 14
( 661 , 322 ) 12
( 661 , 59 ) 28
( 661 , 200 ) 38
( 662 , 287 ) 17
( 662 , 377 ) 46
( 662 , 191 ) 24
( 663 , 313 ) 26
( 663 , 74 ) 44
( 663 , 534 ) 31
( 664 , 681 ) 14
( 664 , 703 ) 50
( 664 , 542 ) 16
( 665 , 40 ) 42
( 665 , 11 ) 3
( 665 , 516 ) 34
( 666 , 499 ) 20
( 666 , 10 ) 40
( 666 , 546 ) 17
( 667 , 646 ) 28
( 667 , 61 ) 21
( 667 , 285 ) 25
( 668 , 584 ) 24
( 668 , 470 ) 18
( 668 , 428 ) 49
( 669 , 495 ) 32
( 669 , 469 ) 36
( 669 , 128 ) 41
( 670 , 117 ) 32
( 670 , 309 ) 24
( 670 , 728 ) 38
( 671 , 54 ) 10
( 671 , 240 ) 18
( 671 , 332 ) 7
( 672 , 486 ) 19
( 672 , 586 ) 33
( 672 , 181 ) 47
( 673 , 563 ) 22
( 673 , 612 ) 3
( 673 , 545 ) 20
( 674 , 635 ) 38
( 674 , 49 ) 31
( 674 , 385 ) 25
( 675 , 146 ) 22
( 675 , 561 ) 31
( 675 , 320 ) 32
( 676 , 705 ) 21
( 676 , 118 ) 42
( 676 , 204 ) 50
( 677 , 518 ) 41
( 677 , 157 ) 15
( 677 , 413 ) 41
( 678 , 192 ) 23
( 678 , 95 ) 1
( 678 , 699 ) 44
( 679 , 85 ) 4
( 679 , 106 ) 33
( 679 , 635 ) 26
( 680 , 293 ) 40
( 680 , 654 ) 39
( 680 , 442 ) 30
( 681 , 127 ) 15
( 681 , 71 ) 28
( 681 , 287 ) 42
( 682 , 443 ) 25
( 682 , 610 ) 38
( 682 , 240 ) 8
( 683 , 254 ) 3
( 683 , 566 ) 48
( 683 , 723 ) 29
( 684 , 25 ) 3
( 684 , 121 ) 5
( 684 , 415 ) 37
( 685 , 312 ) 26
( 685 , 269 ) 12
( 685 , 698 ) 32
( 686 , 497 ) 17
( 686 , 593 ) 36
( 686 , 157 ) 45
( 687 , 676 ) 20
( 687 , 448 ) 16
( 687 , 294 ) 9
( 688 , 431 ) 27
( 688 , 117 ) 19
( 688 , 303 ) 17
( 689 , 180 ) 4
( 689 , 431 ) 27
( 689 , 693 ) 39
( 690 , 277 ) 38
( 690 , 246 ) 8
( 690 , 208 ) 34
( 691 , 520 ) 11
( 691 , 98 ) 36
( 691 , 656 ) 11
( 692 , 361 ) 44
( 692 , 590 ) 16
( 692 , 381 ) 13
( 693 , 63 ) 12
( 693 , 677 ) 6
( 693 , 621 ) 41
( 694 , 529 ) 45
( 694 , 69 ) 38
( 694 , 550 ) 34
( 695 , 221 ) 23
( 695 , 647 ) 17
( 695 , 296 ) 48
( 696 , 333 ) 49
( 696 , 237 ) 2
( 696 , 126 ) 26
( 697 , 211 ) 3
( 697 , 554 ) 44
( 697 , 560 ) 40
( 698 , 421 ) 2
( 698 , 601 ) 22
( 698 , 18 ) 38
( 699 , 658 ) 1
( 699 , 311 ) 7
( 699 , 727 ) 30
( 700 , 724 ) 4
( 700 , 656 ) 39
( 700 , 235 ) 47
( 701 , 623 ) 37
( 701 , 500 ) 16
( 701 , 618 ) 11
( 702 , 676 ) 15
( 702 , 36 ) 22
( 702 , 315 ) 33
( 703 , 233 ) 47
( 703 , 108 ) 42
( 703 , 14 ) 32
( 704 , 658 ) 6
( 704 , 498 ) 11
( 704 , 156 ) 49
( 705 , 454 ) 36
( 705 , 313 ) 5
( 705 , 108 ) 36
( 706 , 32 ) 3
( 706 , 83 ) 17
( 706 , 235 ) 26
( 707 , 667 ) 42
( 707 , 441 ) 34
( 707 , 404 ) 46
( 708 , 204 ) 8
( 708 , 559 ) 9
( 708 , 385 ) 31
( 709 , 96 ) 46
( 709 , 138 ) 1
( 709 , 290 ) 21
( 710 , 550 ) 9
( 710 , 42 ) 38
( 710 , 534 ) 27
( 711 , 214 ) 8
( 711 , 276 ) 24
( 711 , 602 ) 40
( 712 , 196 ) 18
( 712 , 111 ) 1
( 712 , 317 ) 28
( 713 , 325 ) 3
( 713 , 562 ) 6
( 713 , 180 ) 14
( 714 , 99 ) 42
( 714 , 98 ) 4
( 714 , 80 ) 36
( 715 , 683 ) 26
( 715 , 649 ) 16
( 715 , 434 ) 24
( 716 , 51 ) 39
( 716 , 158 ) 37
( 716 , 533 ) 1
( 717 , 723 ) 30
( 717 , 671 ) 18
( 717 , 594 ) 42
( 718 , 525 ) 44
( 718 , 488 ) 17
( 718 , 600 ) 21
( 719 , 425 ) 48
( 719 , 223 ) 22
( 719 , 6 ) 42
( 720 , 171 ) 50
( 720 , 712 ) 2
( 720 , 244 ) 42
( 721 , 537 ) 40
( 721 , 78 ) 28
( 721 , 609 ) 31
( 722 , 422 ) 35
( 722 , 676 ) 25
( 722 , 238 ) 7
( 723 , 37 ) 18
( 723 , 536 ) 7
( 723 , 319 ) 12
( 724 , 620 ) 9
( 724 , 355 ) 49
( 724 , 406 ) 24
( 725 , 219 ) 32
( 725 , 645 ) 22
( 725 , 715 ) 44
( 726 , 674 ) 44
( 726 , 329 ) 6
( 726 , 78 ) 29
( 727 , 438 ) 18
( 727 , 196 ) 2
( 727 , 150 ) 41
( 728 , 605 ) 28
( 728 , 466 ) 45
( 728 , 606 ) 13
( 729 , 197 ) 12
( 729 , 632 ) 42
( 729 , 257 ) 31
