0 55 7
0 7 2
0 17 11
0 29 11
0 9 10
0 11 7
0 15 12
0 13 1
0 55 14
0 21 20
0 24 13
0 50 14
0 37 15
0 7 4
0 20 2
0 39 18
0 52 4
0 42 13
0 61 16
0 28 1
0 63 17
1 55 9
1 58 2
1 24 6
1 9 5
1 59 7
1 41 7
1 19 1
1 16 9
1 8 7
1 13 10
1 43 20
1 43 4
1 52 3
1 22 16
1 5 19
1 42 4
1 48 1
2 58 4
2 34 12
2 45 12
2 17 3
2 9 20
2 63 17
2 21 16
2 5 4
2 53 8
2 47 5
2 54 13
2 45 13
2 13 13
2 60 6
2 52 9
2 61 2
2 61 19
2 17 10
2 60 15
2 53 6
2 42 6
2 57 20
2 37 18
3 59 20
3 21 18
3 47 5
3 39 11
3 10 9
3 49 11
3 14 3
3 17 5
3 21 8
3 28 5
3 63 17
3 6 13
3 47 7
4 4 6
4 52 10
4 33 18
4 17 3
4 51 7
4 24 2
4 60 12
4 46 6
4 61 15
4 25 14
4 13 7
4 21 10
5 36 7
5 63 2
5 19 12
5 6 6
5 10 14
5 9 15
5 56 9
5 17 12
5 39 10
5 34 2
5 46 13
5 53 4
5 16 4
5 15 8
5 11 11
5 21 19
5 34 16
5 41 5
5 11 1
5 24 3
5 10 4
5 16 2
5 21 10
5 31 17
5 50 12
5 52 20
5 19 14
5 38 3
5 35 5
6 43 12
6 20 1
6 8 5
6 26 11
6 57 12
6 27 17
6 15 12
6 53 16
6 44 8
6 34 7
6 19 5
6 46 3
6 42 8
6 62 17
6 17 2
7 53 18
7 23 9
7 15 5
7 60 20
7 18 16
8 55 18
8 60 7
9 20 6
9 41 20
9 41 15
9 46 13
9 61 1
9 17 1
9 19 8
9 39 9
9 44 3
9 42 15
9 16 3
9 28 9
9 50 5
9 53 4
9 62 8
9 33 10
9 10 18
9 60 4
9 39 5
9 46 16
10 27 10
10 35 1
10 10 9
10 26 19
10 55 1
10 30 8
10 49 19
10 12 19
10 28 18
10 14 6
10 27 8
10 63 17
10 49 19
10 37 17
10 19 18
10 26 1
10 43 20
10 36 2
10 43 12
10 24 4
10 25 11
10 38 18
10 32 20
10 17 15
10 35 18
10 59 20
10 40 7
10 34 15
10 34 4
10 49 3
10 52 20
10 49 11
10 31 6
10 10 15
10 36 1
11 36 5
11 15 8
11 45 6
11 33 19
11 12 2
11 46 7
11 59 5
11 55 13
11 57 8
11 52 1
11 11 15
11 16 19
11 13 8
11 63 17
11 41 20
11 38 5
11 27 2
11 14 10
11 18 7
11 25 13
11 41 9
11 57 12
11 50 9
11 45 17
11 18 14
11 27 4
11 56 3
11 62 9
11 59 6
11 48 7
11 24 16
11 20 6
11 19 8
11 43 15
11 26 6
11 62 14
11 48 7
11 33 7
11 42 9
12 60 19
12 57 20
12 52 4
12 52 6
13 61 14
13 39 12
13 20 17
13 22 1
13 38 3
13 55 8
13 53 2
13 21 2
13 35 4
13 48 9
13 58 5
13 29 17
13 59 8
13 38 1
13 50 3
13 58 3
13 49 20
13 25 8
13 25 1
13 30 14
13 25 18
13 39 9
13 23 18
13 35 12
13 51 16
13 52 9
13 23 13
13 46 20
14 53 1
14 34 4
14 51 2
14 15 19
14 17 5
14 53 4
14 29 10
14 33 4
14 50 19
14 39 20
14 29 13
14 24 18
14 42 5
14 41 7
14 58 20
14 49 3
14 22 14
14 34 12
14 35 3
14 17 18
14 43 12
14 27 5
14 14 17
14 40 9
14 58 18
14 33 12
14 46 11
14 21 10
14 53 14
14 62 4
14 37 10
14 15 9
14 47 17
15 49 7
15 55 18
15 52 19
15 40 1
15 39 19
15 15 8
15 27 17
15 33 13
15 31 3
15 35 10
15 26 3
15 28 11
15 28 10
15 32 14
15 27 3
15 32 14
15 39 11
15 25 11
15 49 8
15 41 4
15 31 13
15 49 11
15 34 8
15 16 16
15 42 4
15 19 6
15 62 16
15 31 5
15 54 19
15 34 5
15 26 17
15 24 13
15 31 11
15 46 19
15 51 1
15 19 11
15 59 16
15 31 14
15 51 17
16 37 10
16 24 6
16 57 20
16 27 18
16 43 15
16 32 15
16 29 14
16 63 7
16 53 3
16 54 17
16 42 11
16 51 4
16 23 3
16 17 11
16 36 13
16 62 8
16 62 14
16 17 10
16 35 2
16 26 2
16 57 16
16 32 20
17 45 8
17 35 20
17 36 5
17 57 13
17 46 11
17 58 17
17 26 4
17 27 15
17 25 18
17 48 13
17 43 2
17 48 17
17 44 15
17 22 4
17 19 1
17 46 16
17 57 7
17 20 10
17 28 13
17 56 11
17 53 4
17 23 12
17 41 10
17 24 18
17 38 8
17 42 2
17 51 4
17 21 17
17 56 5
17 35 6
17 27 12
17 36 2
17 60 19
17 58 8
17 46 17
17 41 9
17 29 18
17 51 10
17 49 11
17 44 11
18 39 10
18 19 20
18 30 19
18 48 20
18 22 3
18 38 18
18 39 12
18 39 4
18 28 18
18 30 14
18 63 10
18 23 4
18 18 19
18 59 15
18 33 18
19 57 14
19 47 4
19 28 1
19 40 11
19 26 14
20 33 3
20 36 10
20 53 19
20 23 10
20 51 4
20 59 1
20 52 7
20 55 12
20 43 6
20 42 17
20 60 8
20 24 19
20 34 13
21 48 18
22 25 11
22 56 15
22 25 19
22 25 7
22 55 11
22 54 12
22 43 4
22 36 3
22 52 15
22 35 20
22 55 7
22 59 5
22 52 10
22 53 17
22 43 11
22 46 17
22 58 14
22 36 18
22 26 17
22 59 17
22 24 4
22 24 5
22 42 5
22 62 3
22 52 12
22 37 20
22 47 6
22 46 17
22 34 13
22 63 14
22 24 10
22 33 14
22 36 6
23 35 2
23 59 18
23 32 12
23 37 9
23 49 16
23 42 20
23 61 5
23 54 6
23 63 9
23 52 20
23 43 1
23 48 11
23 58 14
23 25 4
23 30 12
23 36 11
23 48 11
23 31 19
23 54 10
23 48 20
23 31 8
23 60 18
23 47 2
23 42 8
24 30 14
24 35 5
24 54 13
24 32 9
24 32 8
24 37 11
24 31 14
24 52 17
24 24 13
24 29 18
24 40 11
24 45 2
24 59 18
24 48 12
24 56 19
24 41 7
24 41 3
24 42 9
24 56 20
24 49 18
24 51 13
24 53 3
24 40 19
25 57 18
25 29 2
25 47 4
25 25 1
25 52 11
25 58 18
25 38 7
25 62 1
25 48 13
26 63 16
26 55 17
26 42 20
26 60 14
26 57 4
26 44 6
26 28 1
26 26 3
26 36 14
26 59 17
26 28 20
26 34 13
26 39 13
26 34 15
26 62 17
26 43 4
26 57 15
26 34 7
26 27 20
26 33 17
26 33 2
26 26 14
26 60 8
26 34 4
26 31 5
26 34 20
26 38 1
26 62 4
26 38 17
26 56 8
26 28 15
27 43 13
27 28 9
27 38 20
27 54 3
27 42 6
27 41 9
27 52 19
27 40 8
27 48 17
27 55 20
27 34 19
27 49 20
27 60 11
27 47 12
27 57 3
27 33 6
27 50 4
27 44 8
27 55 8
27 33 13
27 52 4
27 52 7
27 44 12
27 37 15
27 29 14
27 36 18
27 38 19
27 60 13
27 29 13
28 59 15
28 51 13
28 32 7
28 49 15
28 41 7
28 52 9
28 51 16
28 37 3
28 52 20
28 60 13
28 36 3
28 51 10
28 35 10
29 52 18
29 60 15
29 29 20
29 58 18
29 29 10
29 37 7
29 51 4
29 42 19
29 48 7
29 46 17
29 42 6
30 59 5
30 48 6
30 32 13
30 57 8
30 38 8
30 52 5
30 46 9
30 42 11
30 51 19
30 43 2
30 37 19
30 31 13
30 33 13
30 53 20
30 31 8
30 46 16
30 42 9
30 46 16
30 54 12
30 59 14
30 45 12
30 34 10
30 30 7
30 55 16
30 37 8
30 60 7
30 60 20
30 39 7
30 44 14
30 47 18
31 33 13
31 37 9
31 44 2
32 47 5
32 53 1
32 62 18
32 53 19
32 33 9
32 54 15
32 46 4
32 49 7
32 57 19
33 50 17
33 40 12
33 56 10
33 34 13
33 54 15
33 62 12
33 57 17
33 45 15
33 52 20
33 56 1
33 51 13
33 35 3
33 63 13
34 48 11
34 50 19
34 50 10
34 61 13
34 36 19
34 53 1
34 61 9
34 47 13
35 39 13
35 45 7
35 38 9
35 43 3
35 41 12
35 45 10
35 50 18
35 55 6
35 43 12
35 50 20
35 38 18
35 42 10
35 59 11
35 38 19
35 50 15
35 44 8
35 59 16
35 62 13
35 48 15
35 45 2
36 63 13
36 42 3
36 51 20
36 42 14
36 59 18
36 40 11
37 57 4
37 48 16
37 41 20
37 63 20
37 42 10
37 59 5
37 57 20
37 58 1
37 38 11
37 42 16
37 53 15
37 45 10
37 42 1
37 38 7
37 48 18
37 41 5
38 62 13
38 42 13
38 44 2
38 56 1
38 39 10
38 56 20
38 53 19
38 43 1
38 59 16
38 47 20
38 58 10
38 57 12
39 50 6
39 60 1
39 50 16
39 42 12
39 54 3
39 47 14
40 56 18
40 49 6
40 43 18
40 62 2
40 57 16
40 50 4
40 59 4
40 55 6
40 52 13
40 43 3
40 59 15
40 59 10
40 60 2
40 49 6
40 60 13
40 50 5
40 48 14
41 59 16
41 54 13
41 61 15
41 42 19
41 49 9
42 58 14
42 48 18
43 53 20
43 56 19
43 58 15
43 47 3
43 56 20
43 61 15
43 43 15
43 47 20
43 47 14
43 55 20
43 63 4
43 58 18
43 56 15
43 55 5
43 50 18
43 62 8
44 54 1
44 48 13
44 55 20
44 46 13
44 44 4
44 57 19
44 59 17
44 54 5
45 62 2
45 48 8
46 46 6
46 56 18
46 59 2
46 55 2
47 50 15
47 56 10
47 50 19
47 49 8
47 58 17
47 51 4
47 60 18
47 52 17
47 48 16
48 56 14
48 61 19
48 49 3
49 54 13
49 51 14
49 59 9
49 58 10
49 62 9
49 63 18
50 63 5
50 62 11
50 61 20
50 54 3
50 58 9
50 63 15
50 56 1
51 57 20
51 55 18
51 58 2
51 60 12
51 62 2
51 58 20
51 59 13
52 58 16
52 58 18
52 58 17
52 53 15
52 57 2
52 53 3
52 60 3
52 53 6
52 54 8
52 61 2
53 57 12
53 57 6
53 62 2
54 61 1
55 61 16
55 59 11
56 58 14
56 59 10
56 58 18
56 60 16
56 62 12
57 60 4
57 57 1
57 61 18
57 57 4
58 58 2
58 63 18
59 59 19
60 61 2
60 62 19
61 63 2
62 62 3
63 63 9
