0 70 6
0 4 13
0 116 1
0 69 5
0 75 14
0 43 4
0 113 15
0 72 9
0 97 13
0 64 19
0 7 9
0 42 7
0 83 7
0 10 12
0 123 4
0 28 10
0 94 19
0 42 14
0 70 4
0 28 16
0 126 14
0 18 3
0 122 2
0 19 2
0 122 20
0 71 5
0 118 1
0 48 17
0 50 2
0 90 12
0 76 2
0 3 12
0 39 12
0 35 4
0 114 11
0 93 10
0 75 11
0 63 15
0 40 9
0 102 14
0 9 6
0 77 6
0 40 10
0 126 5
0 23 16
0 100 15
0 20 4
0 89 7
0 123 6
0 87 2
0 28 15
0 85 9
0 91 7
0 44 20
0 110 4
0 30 13
0 10 8
0 89 19
0 98 7
0 4 18
0 78 2
0 64 4
0 101 14
0 28 2
0 118 9
0 109 14
0 37 2
0 21 6
0 27 14
0 14 8
0 127 6
0 91 1
0 54 15
0 50 1
0 37 2
0 113 7
0 98 5
0 69 2
0 19 14
0 11 20
0 114 7
0 75 16
0 51 3
0 106 20
0 54 2
0 92 15
0 78 9
0 124 6
0 9 9
0 96 2
0 53 11
0 52 12
0 30 18
0 11 4
0 48 11
0 38 4
0 11 8
0 26 15
0 38 9
0 101 15
0 21 3
0 78 11
0 14 13
0 32 17
0 62 17
0 40 5
0 21 12
0 123 2
0 12 10
0 103 17
0 16 20
0 43 4
0 27 10
0 63 17
0 35 11
0 84 6
0 101 15
0 90 19
0 50 5
0 38 15
1 93 14
1 54 14
1 5 8
1 102 1
1 57 18
1 38 18
1 69 1
1 64 5
1 41 17
1 23 7
1 88 17
1 108 10
1 25 14
1 104 13
1 35 20
1 63 17
1 16 18
1 59 11
1 61 12
1 48 10
1 52 19
1 55 17
1 113 2
1 69 4
1 55 1
1 44 2
1 62 18
1 122 10
1 75 3
1 120 4
1 29 9
1 119 10
1 124 1
1 98 10
1 55 12
1 114 11
1 110 8
1 124 17
1 99 11
1 17 18
1 113 12
1 30 18
1 112 16
1 41 16
1 123 6
1 26 11
1 25 14
1 56 6
1 91 9
1 71 19
1 86 7
1 86 9
1 63 3
1 100 15
1 75 16
1 20 13
1 105 6
1 1 15
1 83 18
1 28 16
1 49 8
1 7 1
1 67 1
1 89 7
1 10 2
1 84 16
1 61 14
1 13 12
1 90 16
1 67 16
1 3 3
1 35 17
1 74 14
1 110 20
1 117 18
1 45 8
1 75 14
1 8 16
1 105 3
1 67 11
1 118 2
1 33 13
1 30 15
1 51 7
1 60 16
1 50 6
1 126 7
1 83 20
1 60 11
1 87 8
1 109 13
1 82 4
1 86 12
1 97 20
1 89 12
1 79 3
1 124 17
1 84 20
1 43 10
1 48 1
1 7 9
1 118 8
1 30 8
1 94 6
1 65 13
1 110 10
1 62 12
1 123 5
1 1 1
1 43 4
1 57 18
1 48 1
2 7 2
2 109 3
2 26 19
2 69 19
2 55 19
2 24 12
2 42 10
2 40 4
2 30 8
2 34 20
2 91 18
2 57 2
2 117 1
2 9 16
2 14 7
2 51 10
2 108 7
2 108 8
2 109 3
2 127 1
2 122 1
2 101 2
2 36 20
2 62 10
2 85 1
2 62 3
2 30 10
2 84 18
2 116 7
2 43 12
2 55 20
2 47 15
2 19 18
2 126 3
2 111 10
2 15 11
2 115 12
2 21 17
2 65 10
2 91 10
2 27 3
2 58 19
2 36 7
2 42 13
2 92 2
2 16 6
2 77 10
2 23 4
2 68 20
2 63 15
2 87 14
2 66 13
2 74 12
2 82 11
2 114 7
2 57 2
2 38 9
2 85 20
2 19 6
2 73 13
2 124 8
2 60 9
2 84 11
2 51 10
2 73 15
2 27 15
2 109 15
2 60 13
2 62 10
2 118 4
2 10 11
2 29 5
2 13 13
2 96 19
2 31 12
2 91 1
2 54 4
2 67 16
3 18 1
3 26 7
3 85 16
3 14 13
3 71 9
3 38 9
3 31 11
3 97 6
3 61 19
3 3 15
3 22 14
3 9 19
3 86 7
3 25 14
3 66 20
3 42 2
3 92 11
3 4 12
3 52 9
3 22 5
3 15 16
3 127 3
3 122 20
3 36 18
3 70 18
4 67 13
4 6 20
4 87 12
4 46 8
4 96 14
4 69 7
4 108 4
4 43 17
4 11 6
4 40 10
4 8 13
4 65 9
4 81 18
4 32 8
4 26 5
4 46 7
4 126 7
4 52 9
4 101 3
4 94 15
4 91 10
4 21 8
4 25 4
4 124 15
4 66 16
4 34 2
4 42 2
4 52 18
4 19 14
4 72 7
4 116 10
4 76 7
4 43 16
4 118 11
4 63 3
4 22 12
4 89 7
4 28 4
4 9 5
4 120 10
4 61 5
4 58 18
4 119 14
4 37 4
4 13 9
4 90 7
4 5 10
4 106 19
4 44 7
4 18 20
4 61 17
4 29 5
4 101 6
4 28 17
4 68 9
4 120 9
4 44 11
4 6 9
4 86 1
4 110 6
4 88 11
4 49 20
4 112 2
4 10 10
4 89 20
4 96 9
4 20 9
4 101 6
4 123 20
4 49 2
4 33 4
4 113 19
4 99 19
4 9 3
4 111 8
4 34 19
4 100 18
4 56 6
4 104 11
4 88 16
4 77 20
4 19 16
4 76 10
4 122 9
4 101 20
4 104 16
4 51 1
4 50 11
4 36 12
4 74 2
4 88 14
4 60 10
4 40 9
4 98 19
4 73 11
4 55 4
4 99 19
4 65 19
4 104 19
4 30 5
4 23 19
4 40 4
4 84 11
4 12 12
4 66 18
4 96 1
4 33 1
5 68 11
5 41 3
6 87 5
6 121 3
6 108 2
6 48 3
6 93 1
6 13 2
6 55 4
6 107 16
6 16 1
6 56 9
6 46 1
6 86 4
6 43 13
6 123 8
6 69 5
6 90 8
6 16 8
6 93 13
6 93 11
6 119 18
6 86 10
6 50 14
6 90 14
6 86 18
6 53 11
6 6 9
6 126 2
6 48 2
6 29 2
6 50 18
6 53 15
6 15 17
6 23 19
6 69 17
6 75 8
6 36 10
6 45 4
6 63 15
7 32 4
7 81 9
7 52 18
7 52 19
7 25 14
7 15 20
7 68 9
7 11 5
7 97 6
7 51 5
7 109 3
7 124 9
7 60 20
7 35 10
7 80 6
7 17 17
7 53 8
7 69 14
7 46 9
7 45 6
7 49 16
7 25 19
7 72 20
7 95 14
7 102 8
7 44 3
7 107 8
7 21 9
7 61 20
7 61 10
7 123 4
7 112 5
7 72 5
7 77 8
7 88 15
7 43 9
7 17 10
7 57 2
7 54 11
7 65 18
7 52 13
7 94 2
7 87 2
7 116 17
7 58 9
7 40 6
7 85 4
7 43 11
7 100 6
7 105 11
7 26 20
7 126 11
7 24 7
7 10 18
7 66 10
7 124 13
7 44 18
7 37 12
7 123 4
7 84 15
7 44 6
7 58 12
7 57 12
7 110 12
7 122 13
7 104 14
7 117 3
7 52 11
7 52 1
7 46 5
7 51 11
7 68 9
7 64 4
7 47 6
7 31 2
7 83 3
7 122 6
7 98 10
7 82 5
7 115 2
7 115 10
7 69 11
7 25 18
7 82 20
7 27 12
7 55 11
7 34 6
7 82 19
7 123 10
7 20 2
7 58 2
7 59 11
7 15 4
7 41 5
7 122 16
7 93 9
7 91 8
8 68 17
8 36 14
8 124 15
8 117 10
8 100 3
8 8 18
8 95 6
8 52 14
8 11 6
8 62 20
8 122 3
8 26 19
8 65 6
8 9 13
8 42 13
9 60 18
9 89 6
9 9 3
9 120 12
9 36 20
9 36 20
9 9 11
9 114 2
9 33 6
9 97 4
9 89 3
9 97 18
9 104 3
9 49 15
9 18 16
9 103 4
9 66 16
9 55 15
9 123 17
9 57 1
9 77 17
9 100 10
9 51 8
9 97 2
9 66 2
9 54 13
9 102 2
9 56 5
9 29 20
9 116 6
9 103 5
9 52 9
9 124 3
9 40 15
9 29 14
9 100 2
9 83 12
9 49 3
9 17 18
9 66 18
9 86 15
9 40 2
9 103 1
9 97 16
9 64 8
9 37 19
9 92 13
9 75 8
9 126 6
9 17 18
9 54 20
9 42 8
9 96 7
9 75 11
10 55 6
10 67 15
10 34 12
10 51 7
10 45 17
10 71 3
10 126 16
10 110 15
10 101 6
10 43 1
10 18 13
10 75 20
10 37 19
10 62 8
10 42 3
10 65 5
10 77 3
10 13 16
10 13 16
10 67 7
10 71 15
10 73 20
10 18 17
10 26 16
10 57 13
10 59 15
10 90 4
10 90 17
10 67 8
10 57 7
10 87 8
10 126 10
10 20 18
10 45 16
10 124 15
10 52 10
10 97 19
10 29 17
10 118 7
10 77 12
10 70 9
10 65 7
10 91 7
10 30 10
10 72 9
10 123 11
10 41 18
10 73 20
10 18 1
10 41 20
10 15 16
10 122 3
10 67 15
10 41 4
10 110 20
10 32 7
10 115 14
10 66 3
10 97 2
10 112 14
10 102 10
10 91 9
10 120 11
10 71 19
10 17 13
10 80 14
10 93 18
10 79 6
10 26 11
10 15 12
10 72 1
10 22 20
10 110 5
10 37 12
10 110 15
10 62 18
10 19 14
10 96 11
10 18 11
10 54 5
10 107 7
10 92 18
10 115 5
10 102 5
11 68 15
11 126 1
11 40 9
11 116 1
11 38 1
11 79 17
11 32 17
11 113 4
11 119 2
11 105 2
11 71 5
11 86 12
11 58 7
11 57 12
11 53 8
11 99 3
11 114 17
11 107 5
12 98 10
12 12 7
12 92 2
12 57 12
12 24 11
12 97 18
12 89 12
12 55 2
12 52 14
12 112 2
12 70 8
12 14 16
12 59 8
12 12 13
12 109 14
12 85 6
12 60 3
12 20 16
12 27 4
13 78 14
13 40 14
13 91 15
13 127 5
13 41 10
13 46 6
13 47 8
13 107 15
13 65 19
13 109 4
13 19 13
13 14 10
13 19 19
13 41 12
13 98 1
14 15 8
14 110 7
14 49 14
14 36 5
14 70 6
14 48 5
14 79 12
14 124 12
14 57 10
14 59 14
14 69 6
15 73 13
15 58 8
15 127 12
15 57 16
15 119 15
15 42 9
15 67 20
15 78 16
15 15 1
15 103 5
15 77 13
15 94 7
15 89 3
15 86 5
15 47 12
15 45 6
15 109 2
15 72 4
15 27 8
15 42 2
15 49 2
15 43 11
15 110 3
15 58 14
15 89 6
15 116 20
15 53 6
15 70 8
15 72 16
15 80 20
15 61 2
15 92 13
15 37 20
15 42 2
15 87 4
15 74 15
15 40 7
15 21 13
15 113 18
15 24 10
15 71 15
15 90 8
15 24 10
15 98 9
15 88 18
15 122 8
15 33 14
15 82 19
15 79 9
15 57 14
15 72 13
15 106 17
15 62 14
15 108 17
15 15 18
15 47 6
16 35 8
16 109 9
16 118 19
16 32 19
16 64 7
16 78 5
16 51 19
16 97 14
16 127 2
16 69 10
16 103 9
16 91 14
16 32 16
16 126 7
16 98 12
16 21 11
16 66 4
16 118 5
16 40 15
16 66 17
16 43 1
16 101 4
16 77 18
16 65 6
16 45 1
16 73 8
16 34 15
16 101 11
16 23 8
16 84 15
16 79 4
16 66 18
16 73 4
16 56 13
16 97 1
16 25 16
16 125 15
16 34 9
16 86 12
16 38 3
16 35 7
16 52 3
16 24 20
16 102 17
16 124 9
16 86 13
16 119 19
16 45 14
16 105 8
16 127 9
16 105 19
16 25 14
16 53 8
16 63 7
16 22 3
16 96 15
16 65 10
16 96 4
16 79 6
16 49 14
16 30 1
16 30 7
16 16 4
16 25 4
16 16 10
16 68 11
16 55 5
16 35 3
16 18 9
16 25 9
16 99 10
16 117 18
16 69 9
16 26 7
16 64 10
16 56 9
16 125 1
16 24 9
16 82 4
16 24 12
16 94 14
16 36 7
16 49 5
16 28 18
16 51 7
16 105 2
16 20 5
16 39 6
16 127 15
16 75 7
17 83 4
17 87 18
17 101 15
17 117 15
17 22 19
17 38 12
17 109 13
17 90 7
17 110 5
17 126 16
17 34 19
17 53 14
17 81 19
17 65 4
17 113 14
17 33 11
17 49 16
17 47 9
17 29 6
17 109 4
17 43 3
17 55 6
17 73 14
17 66 9
17 59 1
17 74 3
17 39 17
17 35 12
17 30 8
17 62 6
17 64 7
17 120 7
18 32 16
18 42 7
18 114 17
18 101 4
18 103 11
18 19 5
18 45 11
18 61 16
18 81 13
18 67 15
18 62 19
18 86 20
18 32 19
18 79 5
18 96 7
18 22 18
18 61 20
18 59 13
18 79 2
18 59 15
18 116 13
18 95 9
18 27 18
18 105 6
18 44 16
18 104 5
18 33 14
18 72 16
18 69 2
18 48 20
18 108 4
18 35 17
18 60 11
18 28 15
18 40 20
18 64 2
18 18 17
18 93 14
18 109 6
18 66 20
18 94 4
18 57 18
18 52 6
18 68 11
18 95 1
18 48 11
18 107 5
18 127 15
18 50 8
18 62 19
18 115 9
18 56 20
18 37 11
18 90 11
18 92 14
18 109 12
18 37 12
18 23 17
18 21 7
18 61 13
18 82 15
18 55 18
18 122 11
18 56 15
18 38 12
18 84 1
18 92 5
18 35 11
18 101 13
18 42 15
18 82 9
18 25 13
18 24 3
18 107 1
18 23 20
18 104 8
18 46 2
18 71 3
18 52 10
18 59 12
18 42 19
18 114 7
18 77 10
18 116 3
18 21 19
18 102 2
18 80 6
18 66 19
18 26 4
18 95 1
18 20 1
18 119 15
18 74 18
18 126 6
19 120 2
19 109 7
19 39 7
19 109 5
19 42 20
19 81 11
19 89 10
19 80 4
19 61 17
19 107 16
19 34 4
19 72 2
19 56 6
19 24 6
19 19 9
19 75 10
19 69 13
19 70 9
19 84 18
19 77 6
19 63 20
19 83 4
19 123 3
19 36 9
19 98 12
19 118 1
19 122 17
19 127 4
19 41 4
19 71 9
19 104 13
19 111 19
19 51 15
19 27 1
19 105 16
19 71 14
19 121 20
19 78 1
19 84 16
19 120 9
19 26 16
19 90 18
19 24 2
19 74 7
19 51 18
19 33 1
19 77 12
19 62 17
19 59 6
19 75 6
19 110 5
19 73 6
19 77 7
19 59 6
19 82 11
19 50 6
19 60 3
19 124 14
19 85 12
19 59 15
19 107 3
19 41 16
19 73 8
19 27 14
19 86 3
19 48 7
19 92 15
19 28 11
19 55 1
19 31 5
19 19 10
19 127 19
19 79 13
19 89 11
19 102 3
19 76 6
19 38 10
19 68 13
19 47 17
19 70 13
19 48 4
19 110 11
19 122 9
19 79 9
19 100 1
19 119 19
19 50 6
19 55 20
20 82 19
20 63 19
20 65 11
20 75 6
20 69 13
20 86 1
20 32 9
20 108 9
20 118 18
20 72 12
20 61 18
20 65 4
20 112 7
20 123 1
20 80 9
20 83 8
20 83 5
20 112 19
20 22 12
20 66 14
20 74 4
20 121 12
20 83 15
20 24 5
20 43 18
20 95 10
20 108 13
20 82 3
20 89 3
20 82 12
20 36 8
20 60 9
20 61 20
20 24 8
20 30 20
20 25 5
20 37 1
20 43 2
20 63 8
20 67 12
20 25 8
20 113 5
20 69 9
20 24 9
20 119 18
20 54 8
20 42 17
20 82 9
20 75 17
20 85 12
20 98 6
20 75 15
20 67 20
20 111 5
20 28 7
20 49 17
20 39 13
20 23 10
20 54 7
20 36 16
20 72 13
20 37 5
20 56 2
20 103 13
21 59 11
21 57 19
21 73 12
21 36 8
21 61 18
21 26 14
21 100 3
21 40 6
21 70 2
21 21 17
21 118 12
21 83 14
22 125 16
22 107 17
22 120 20
22 27 10
22 84 4
22 24 13
22 90 19
22 78 10
22 49 14
22 68 4
22 107 10
22 82 4
22 24 12
22 57 6
22 109 2
22 34 18
22 65 11
22 98 16
22 82 2
22 103 3
22 42 7
22 70 17
22 62 14
22 29 16
22 126 14
22 104 13
22 44 16
22 71 4
22 39 5
22 55 10
22 33 1
22 65 14
22 26 15
22 60 8
22 41 4
22 112 1
22 50 3
22 105 10
22 127 3
22 31 12
22 23 9
22 90 14
22 63 3
22 99 20
22 111 4
22 24 14
22 26 6
22 122 11
22 62 19
22 99 20
22 119 18
22 85 14
22 82 16
22 108 15
22 39 12
22 105 1
22 65 17
22 117 6
23 123 5
23 57 19
23 97 15
23 85 14
23 121 10
23 48 1
23 103 6
23 98 5
23 103 19
23 88 6
23 63 6
23 45 16
23 95 5
23 95 9
23 75 20
23 89 18
23 94 4
23 63 6
23 93 7
23 114 2
23 53 1
23 57 9
23 52 4
23 123 17
23 78 18
23 79 11
23 51 4
23 96 17
23 75 8
23 29 3
23 81 1
23 45 11
23 84 17
23 36 13
23 126 18
23 67 11
23 49 11
23 72 18
23 31 4
23 108 1
23 74 16
23 46 19
23 77 18
23 36 13
23 23 6
23 23 18
23 39 15
23 94 2
23 87 20
23 100 6
23 96 5
23 95 8
23 115 10
23 80 17
23 31 16
23 70 5
23 41 10
23 35 4
23 27 6
23 62 8
23 99 8
23 79 18
23 103 6
23 88 10
23 62 12
23 26 17
23 103 6
23 53 10
23 71 2
24 57 11
24 116 20
24 24 19
24 28 12
24 110 5
24 66 12
25 119 16
25 97 18
25 80 4
25 76 6
25 86 13
25 94 11
25 84 19
25 32 8
25 127 11
25 87 11
25 82 17
25 91 10
25 100 20
25 69 20
25 89 9
25 113 15
25 114 9
25 27 18
25 31 14
25 80 6
25 93 19
25 87 2
25 90 19
25 81 14
25 67 9
25 88 11
25 71 15
25 73 14
25 94 10
25 105 17
25 127 9
25 79 7
25 101 13
25 90 7
25 109 6
25 32 7
25 68 19
25 51 9
25 63 14
25 33 4
25 26 4
25 121 13
25 55 16
25 117 10
25 60 17
25 64 2
25 71 5
25 118 10
25 77 20
25 89 9
25 59 20
25 69 4
25 90 20
25 100 6
25 37 15
25 101 2
25 120 19
25 59 8
25 68 4
25 51 13
25 94 10
25 126 20
25 55 2
25 99 11
25 25 16
25 126 20
25 113 10
25 57 7
25 70 6
25 87 2
25 62 9
25 25 10
25 104 17
25 94 10
25 37 2
25 52 6
25 118 12
25 127 20
25 105 16
25 44 19
25 61 5
25 71 6
25 78 14
25 116 19
25 66 14
25 80 14
25 121 7
25 77 19
25 122 13
25 105 19
25 72 17
25 67 16
25 52 11
25 30 5
25 45 16
25 117 19
25 86 20
25 94 18
25 82 14
25 43 12
25 86 12
25 26 15
26 79 9
26 47 1
26 102 2
26 119 10
26 74 20
26 99 14
26 85 9
26 106 18
26 60 9
26 54 14
26 105 9
26 82 2
26 89 4
26 92 5
26 37 15
26 73 17
26 82 3
26 51 1
26 77 13
26 96 8
26 26 4
26 110 5
26 114 18
26 58 19
26 108 12
26 51 7
26 59 16
26 79 14
26 80 13
26 107 10
26 59 16
26 56 6
26 120 19
26 86 19
26 62 5
26 77 19
26 68 10
26 81 18
26 39 2
26 120 8
26 94 19
26 80 11
26 106 17
26 77 1
26 29 20
26 40 6
26 82 1
26 58 11
26 96 14
26 42 16
26 39 2
26 63 14
26 26 14
26 121 19
26 90 8
26 78 19
26 26 14
26 27 1
26 41 9
26 54 13
26 113 1
26 77 8
26 80 19
26 28 18
26 61 8
26 49 5
26 97 14
26 102 12
26 49 11
26 63 5
26 127 12
26 127 13
26 45 16
26 74 3
26 71 6
26 26 10
26 80 7
26 81 20
26 68 18
26 84 7
26 87 17
26 48 4
26 126 13
26 100 16
26 51 1
26 34 14
26 123 8
26 91 19
26 118 4
26 94 17
27 42 1
27 31 11
27 125 15
27 87 19
27 109 1
27 87 4
27 43 14
27 59 15
27 95 18
28 61 8
28 112 18
28 67 13
28 39 3
28 38 10
28 63 7
28 106 4
28 34 9
28 50 13
28 96 2
28 86 16
28 85 14
28 60 18
28 79 20
28 107 12
28 89 6
28 82 12
28 34 12
28 111 17
28 96 3
28 80 1
28 76 17
28 97 14
28 103 6
28 41 6
28 123 12
28 118 3
28 121 5
28 28 10
28 95 4
28 88 11
28 65 14
28 109 12
28 86 6
28 107 16
28 58 6
28 89 17
28 61 3
28 38 15
28 76 13
28 62 16
28 96 8
28 42 4
28 34 19
28 111 1
28 29 14
28 45 10
28 67 6
28 114 19
28 34 7
28 66 14
28 66 11
28 35 1
28 29 20
28 108 17
28 114 15
28 33 2
28 72 3
28 44 8
28 48 20
28 122 8
28 108 19
28 79 8
28 91 2
28 48 15
28 81 18
28 96 2
28 105 14
28 110 19
28 99 7
28 54 15
28 110 20
28 51 16
28 52 20
29 69 4
29 71 18
29 60 2
29 97 3
29 38 15
29 31 17
29 103 17
29 126 8
29 40 2
29 72 18
29 70 2
29 66 8
29 44 15
29 42 8
29 55 2
29 40 19
29 45 1
29 29 2
29 97 2
30 77 17
30 78 7
30 71 19
30 66 2
30 102 14
30 69 10
30 43 5
30 120 10
30 95 2
30 89 5
30 101 15
30 36 7
30 98 14
30 61 18
30 86 14
30 69 14
30 95 7
30 116 17
30 64 9
30 118 13
30 117 4
30 85 1
30 70 15
30 83 4
30 111 13
30 41 12
30 116 12
30 75 8
30 120 9
30 102 5
30 80 15
30 58 5
30 73 16
30 119 12
30 94 16
30 123 20
30 79 16
30 30 18
30 59 2
30 48 13
30 99 17
31 96 10
31 55 17
31 44 6
31 56 12
31 55 10
31 38 9
31 79 7
31 100 16
31 120 18
31 68 4
31 127 1
31 110 16
31 99 10
31 90 3
31 119 20
31 95 8
31 69 12
31 78 12
31 90 4
31 111 11
31 92 5
31 79 13
31 115 5
31 54 10
31 85 7
31 108 17
31 102 7
31 117 15
31 53 12
31 111 7
31 118 8
31 96 20
31 89 19
31 122 19
31 32 4
31 84 8
32 101 20
32 106 8
32 112 14
32 115 7
32 55 9
32 33 9
32 59 16
32 73 9
32 112 19
32 97 12
32 102 12
32 111 12
32 78 7
32 114 7
32 87 15
32 52 4
32 92 14
32 37 18
32 67 19
32 47 3
32 109 6
32 99 13
32 47 8
33 41 14
33 66 10
33 43 11
33 76 13
33 66 13
33 67 16
33 99 10
33 121 9
33 93 12
33 77 15
33 55 17
33 94 3
33 90 8
33 63 14
33 45 7
33 81 9
33 50 12
33 90 16
33 34 14
33 65 9
33 67 7
33 107 4
33 57 17
33 66 3
33 108 18
33 81 1
33 102 19
33 74 14
33 106 11
33 107 1
33 80 13
33 45 17
33 64 17
33 94 13
33 44 10
33 37 11
33 121 10
33 103 11
33 99 10
33 90 9
33 95 10
33 124 14
33 53 14
33 86 18
33 86 13
33 122 17
33 97 11
33 100 8
33 40 2
33 115 19
33 123 5
33 97 1
33 88 17
33 126 18
33 79 17
33 56 13
33 59 6
33 97 4
33 77 1
33 80 11
33 34 4
33 117 2
33 42 16
33 49 5
33 53 5
33 76 18
33 125 18
33 36 4
33 50 7
33 82 2
33 112 9
33 47 3
33 38 19
33 61 17
33 35 4
33 84 7
33 66 7
33 103 19
33 74 7
33 89 19
34 67 18
34 111 10
34 91 4
34 64 4
34 76 18
34 81 14
34 104 9
34 110 8
34 79 17
34 107 5
34 89 6
34 46 2
34 59 17
34 113 8
34 91 17
34 46 8
34 63 15
34 114 1
34 71 10
34 51 14
34 42 3
34 68 15
34 65 2
34 36 10
34 73 10
34 78 10
34 38 1
34 42 2
34 51 8
34 119 2
34 120 7
34 92 15
34 97 7
34 50 4
34 90 11
34 120 13
34 119 7
34 57 9
34 107 5
34 123 11
34 67 4
34 99 1
34 124 11
34 84 1
34 55 6
34 105 17
34 39 6
34 62 4
34 109 16
34 81 2
34 62 14
34 124 9
34 35 15
34 64 14
34 86 14
34 117 12
35 122 17
35 44 10
35 77 1
35 98 20
35 84 12
35 40 8
35 59 12
35 55 8
35 115 2
35 107 1
35 76 1
35 88 14
35 39 13
35 114 11
35 116 5
35 110 15
35 50 11
35 112 12
35 59 3
35 120 12
35 110 20
35 83 3
35 76 8
35 110 10
35 90 15
35 73 2
35 78 20
35 91 15
35 95 12
35 62 17
35 58 4
35 95 12
35 81 5
35 85 16
35 69 14
35 117 12
35 48 10
35 101 1
35 65 8
35 42 17
35 112 18
35 60 17
35 39 7
35 101 12
35 53 2
35 41 19
35 127 3
35 86 2
35 110 4
35 103 5
35 101 15
35 48 3
35 49 17
35 93 6
35 43 9
35 47 14
35 117 15
35 37 4
35 114 13
35 69 20
35 78 19
35 92 12
35 91 13
35 123 18
35 122 17
35 67 2
35 62 16
35 59 6
35 44 4
35 48 10
35 127 20
35 47 14
35 64 8
36 38 11
36 108 16
36 57 7
36 53 9
36 93 9
36 69 16
36 42 3
36 50 12
36 102 12
36 92 15
36 88 2
36 46 18
36 37 18
36 113 6
36 126 9
36 94 13
36 96 2
36 124 11
36 92 4
36 56 5
36 91 6
36 56 19
36 113 14
36 114 10
36 80 16
36 110 14
36 73 3
36 90 17
36 61 18
36 59 20
36 96 15
36 109 20
36 71 12
36 68 10
36 91 16
36 94 18
36 48 17
36 103 5
36 87 5
36 41 6
36 72 1
36 86 9
36 40 9
36 104 9
36 64 17
36 46 5
36 85 2
36 89 11
36 91 20
36 98 17
36 81 11
36 87 15
36 48 13
36 117 8
36 68 15
36 122 14
36 112 5
36 62 8
36 87 20
36 85 1
36 88 7
36 62 7
36 36 7
36 79 17
37 125 7
37 100 11
37 67 9
37 61 6
37 120 10
37 97 11
37 87 17
37 75 16
37 43 15
37 97 7
37 41 17
37 108 3
37 81 2
37 72 14
37 126 3
37 94 2
37 52 13
37 101 7
37 52 17
37 111 16
37 49 7
37 123 4
37 94 6
37 45 16
37 80 7
37 66 11
37 38 5
37 42 4
37 105 18
37 80 6
37 99 17
37 62 4
37 60 13
37 106 16
38 118 6
38 127 10
38 126 12
38 55 19
38 126 9
38 61 7
38 113 6
38 71 20
38 60 10
38 83 13
38 62 4
38 78 13
38 80 1
38 120 14
38 72 8
38 90 17
38 124 3
38 38 13
38 125 7
38 39 9
38 48 5
38 97 6
38 48 17
38 94 18
38 105 6
38 108 19
39 112 14
39 41 6
39 76 6
39 48 19
39 94 8
39 67 5
39 60 10
39 81 18
39 83 20
39 91 18
39 51 18
39 78 4
39 40 6
39 56 18
39 57 14
39 62 10
39 52 19
39 123 18
40 106 9
40 70 17
41 92 15
41 121 14
41 116 19
41 125 5
41 70 9
41 69 8
41 87 15
41 69 20
41 77 6
41 43 14
41 100 2
41 82 9
41 79 6
41 88 16
42 59 1
42 53 16
42 81 5
42 92 14
42 117 7
42 71 11
42 94 10
42 69 17
42 83 13
42 108 18
42 97 17
42 113 6
42 87 10
42 81 5
42 50 6
42 87 9
42 122 18
43 61 11
44 97 7
44 98 15
44 111 2
44 124 9
44 93 9
44 71 9
44 103 7
44 52 1
44 104 2
44 98 8
44 117 8
44 71 2
44 64 2
44 81 15
44 124 18
44 82 20
44 57 2
44 105 20
44 93 10
44 72 13
44 83 4
44 120 17
44 58 19
44 122 4
44 109 15
44 57 4
44 70 12
44 121 1
44 95 1
44 104 19
44 64 17
44 44 14
44 94 18
44 100 16
44 46 12
44 53 7
44 119 3
44 102 4
44 45 6
44 81 13
44 70 19
44 127 1
44 66 6
44 118 7
44 57 16
44 58 8
44 87 7
44 76 15
44 92 2
44 95 5
44 102 15
44 46 12
44 109 8
44 106 19
44 81 11
44 51 9
44 115 3
44 99 1
44 123 7
44 56 1
44 47 19
44 82 13
44 123 20
44 120 7
44 44 8
44 70 19
44 111 1
44 86 13
44 81 2
44 110 11
44 51 11
44 90 7
44 47 8
44 60 2
44 62 9
44 91 9
44 63 5
44 112 15
44 84 7
44 44 14
45 103 7
45 89 16
45 49 20
45 91 17
45 106 6
45 71 20
45 97 9
45 62 8
45 53 16
45 100 14
45 94 1
45 122 15
45 60 10
45 117 16
45 64 14
45 75 4
45 61 19
45 71 6
45 57 10
45 75 3
46 114 18
46 122 19
46 77 16
46 71 15
46 87 15
46 76 7
46 71 8
46 119 11
46 70 9
46 52 9
46 105 1
46 58 20
47 95 16
47 72 5
47 78 16
47 77 3
47 72 8
47 86 12
47 67 20
47 95 4
47 101 8
47 96 14
47 47 14
47 81 3
47 69 6
47 124 7
47 63 11
47 96 18
47 101 18
47 76 7
47 120 9
47 89 20
48 69 8
48 62 5
48 85 16
48 114 8
48 78 10
48 88 9
48 72 14
48 125 19
48 75 3
48 117 14
48 106 10
48 105 14
48 108 13
48 62 2
48 115 16
48 97 4
48 111 4
48 88 8
48 93 2
48 60 15
48 122 10
48 104 6
48 68 11
48 122 12
48 60 1
48 102 16
48 96 4
48 82 9
48 100 9
48 79 8
48 79 14
48 74 6
48 82 18
48 81 1
48 102 2
48 56 20
48 126 14
48 50 1
48 89 10
48 104 19
48 70 2
48 66 3
49 100 9
49 113 4
49 80 8
49 123 2
49 68 13
49 101 16
49 97 4
49 79 2
49 56 4
49 66 11
49 94 14
49 60 8
49 66 9
49 78 18
49 94 10
49 56 10
49 121 3
49 79 4
49 116 1
49 50 7
49 113 7
49 68 3
49 103 8
49 89 12
49 58 5
49 100 13
49 113 9
49 92 16
49 125 8
49 66 12
49 61 5
49 62 4
49 107 14
49 100 6
49 95 3
49 119 6
49 92 13
49 89 9
49 124 12
49 62 15
49 104 3
49 102 19
49 59 20
49 125 19
49 66 5
49 50 18
50 63 14
50 80 13
50 98 11
50 99 1
50 77 1
50 111 7
50 101 13
50 97 6
50 108 11
50 127 10
50 93 18
50 118 9
50 83 14
50 69 20
50 67 17
50 82 16
50 96 3
50 105 20
50 97 4
50 111 4
50 125 11
50 79 15
50 72 12
50 82 13
50 62 11
50 69 7
50 80 5
50 85 5
50 117 9
50 91 15
50 110 17
50 124 7
50 54 7
50 111 19
50 90 11
50 70 14
50 121 8
50 78 15
50 84 12
50 55 13
50 121 16
51 99 18
51 95 13
51 92 11
51 51 20
51 54 18
51 110 15
51 119 11
51 88 4
51 127 5
51 121 13
51 81 2
52 119 14
52 90 9
52 105 4
52 63 7
52 57 19
52 82 18
52 109 15
52 73 11
52 68 3
52 94 18
52 95 10
52 65 5
52 73 17
52 69 10
52 61 9
52 88 1
52 62 17
52 102 15
52 70 10
52 89 18
52 101 3
52 86 17
52 80 16
52 108 19
52 89 1
52 83 14
52 74 3
52 127 12
52 91 3
52 122 18
52 92 12
52 116 17
52 80 15
52 79 16
53 114 9
53 108 2
53 80 6
53 63 5
53 88 11
53 79 9
53 77 12
53 101 11
53 60 19
53 62 11
53 118 19
53 103 1
53 75 7
53 74 8
53 108 16
53 98 18
53 61 15
53 85 6
53 66 13
53 122 3
53 78 11
53 70 18
53 111 13
54 70 17
54 71 17
54 76 11
54 54 1
54 85 13
54 70 19
54 63 13
54 83 7
54 77 17
54 83 20
54 114 8
54 60 14
54 127 6
54 62 18
54 72 5
54 81 1
54 77 11
54 108 11
54 93 10
54 98 8
54 104 13
54 111 7
54 80 12
54 62 12
54 74 20
54 88 6
54 97 19
54 93 10
54 78 6
54 119 4
54 98 20
54 119 17
54 71 2
54 63 15
54 89 18
54 86 10
54 71 15
54 85 12
54 89 15
54 57 6
54 112 12
54 87 5
54 117 3
54 69 15
54 64 3
54 94 9
54 81 17
54 101 3
54 78 13
54 58 1
54 58 9
54 94 20
54 111 20
54 105 6
54 116 15
54 80 3
54 85 9
54 127 8
54 97 10
54 116 16
54 84 7
54 114 5
55 108 3
55 82 7
55 75 2
56 57 2
56 92 16
56 82 5
56 116 20
56 85 6
56 98 8
56 118 17
56 66 11
56 61 4
56 105 9
56 120 14
56 112 3
56 78 10
56 82 10
56 62 15
56 75 12
56 75 1
56 90 14
57 98 8
57 58 14
57 95 8
57 86 20
57 92 5
57 102 4
57 102 11
57 83 16
57 106 3
57 109 20
57 71 8
57 59 8
57 102 8
57 85 7
57 78 18
57 90 5
57 108 13
57 87 1
57 65 14
57 111 3
57 107 16
57 107 7
57 94 14
57 114 5
57 123 13
57 90 17
57 69 16
57 74 9
57 68 16
57 96 4
57 64 11
57 65 9
57 66 10
57 88 20
57 102 15
57 126 1
57 84 10
57 62 14
57 85 9
57 76 10
57 79 2
57 73 20
57 92 13
57 84 19
57 89 3
57 100 5
57 106 3
57 126 7
57 125 18
57 80 4
57 120 12
57 122 2
57 66 12
57 116 11
57 124 18
57 122 7
57 84 19
57 120 17
57 100 6
57 57 5
57 87 9
57 73 19
57 93 9
57 114 5
58 61 18
58 59 2
58 96 20
58 103 1
58 70 3
58 109 18
58 108 14
58 77 12
58 98 2
58 115 9
58 113 1
58 77 1
58 67 6
58 71 12
58 59 15
58 81 9
58 122 5
58 65 10
58 106 18
58 126 14
58 108 8
58 77 16
58 111 13
58 76 17
58 90 16
58 103 17
58 107 6
58 73 17
58 80 5
58 72 16
58 104 10
58 86 7
58 62 7
58 118 4
58 73 18
58 77 4
58 67 4
58 84 11
58 107 13
58 91 8
58 85 2
58 124 18
58 111 3
58 124 13
58 59 10
58 82 17
58 111 5
58 89 16
58 107 16
58 101 6
58 86 8
58 71 6
58 94 19
58 96 19
58 98 19
58 89 2
58 80 8
58 65 16
58 99 3
58 97 1
58 59 15
58 109 13
58 91 6
58 108 14
59 67 14
59 69 2
59 77 12
59 93 19
59 87 4
59 93 15
59 70 11
59 115 5
59 115 5
59 86 11
59 72 13
59 68 2
59 109 14
59 93 19
59 92 2
59 64 17
59 111 7
59 114 3
59 62 2
59 118 2
59 103 20
59 113 9
59 79 20
59 82 20
59 124 17
59 74 2
59 104 7
59 71 11
59 101 8
59 81 14
59 71 10
59 85 13
59 104 6
59 91 3
59 73 19
59 81 7
59 84 20
59 62 8
59 91 7
59 105 19
59 101 7
59 100 11
59 84 20
59 63 12
59 61 6
59 118 11
59 126 1
59 101 12
59 71 7
59 62 18
59 89 17
59 65 20
60 66 20
60 101 14
60 78 5
60 104 8
60 61 5
60 74 8
60 101 18
60 81 15
60 65 5
60 72 9
60 64 16
60 73 15
60 79 7
60 85 19
60 80 9
60 64 3
60 75 7
60 78 20
60 99 3
60 88 4
60 92 17
60 77 5
60 103 17
60 96 11
61 85 16
61 80 15
61 120 17
61 97 18
61 78 10
61 71 11
61 125 20
61 109 2
61 75 5
61 63 1
61 84 8
61 69 8
61 70 15
61 69 6
61 72 13
61 119 14
61 109 13
61 113 9
61 73 4
61 125 2
61 85 20
61 83 8
61 102 17
61 115 18
62 124 10
62 71 16
62 106 12
62 83 18
62 85 13
62 105 13
62 69 6
62 71 18
62 67 17
62 77 9
62 111 12
62 121 7
62 98 14
62 62 17
63 113 16
63 72 18
63 84 3
63 67 20
63 126 5
63 126 11
63 119 7
63 124 20
63 73 3
63 71 4
63 69 5
63 125 6
63 104 20
63 119 11
63 112 15
63 73 19
63 91 9
63 108 6
63 104 1
63 82 15
63 95 6
63 121 14
63 102 2
63 102 18
63 125 2
63 85 20
63 118 4
63 82 14
63 127 12
63 92 11
64 67 3
64 71 20
64 95 4
64 65 12
64 121 19
64 122 17
64 91 14
64 127 8
64 80 6
64 85 3
64 89 9
64 121 6
64 75 12
64 107 18
64 88 18
64 119 19
64 118 10
64 105 15
64 101 5
64 121 9
64 126 11
64 90 14
64 85 14
64 96 15
64 79 4
64 126 10
64 64 5
64 88 10
64 109 20
64 76 2
64 65 11
64 72 17
64 86 4
64 69 5
64 107 18
64 124 17
64 86 1
64 122 9
64 78 6
64 82 10
64 106 6
64 96 16
64 106 6
64 99 9
64 90 7
64 82 4
64 115 5
64 115 19
64 81 6
65 79 4
65 67 4
65 123 9
65 66 15
65 126 9
65 118 15
65 110 17
66 124 1
66 78 14
66 69 6
66 106 8
66 112 9
66 108 16
66 100 2
66 126 3
66 120 6
66 72 16
66 125 18
66 69 9
66 68 2
66 96 4
66 111 10
66 123 2
66 118 4
66 113 10
66 117 18
66 95 1
66 119 5
66 115 4
66 89 8
66 114 3
66 98 16
66 67 9
66 73 3
66 124 2
66 95 14
66 68 19
66 81 10
66 86 12
66 72 8
66 88 6
66 90 4
66 87 1
66 122 16
66 120 11
66 73 14
66 88 11
66 99 9
66 94 13
66 102 14
66 125 1
66 102 6
66 109 4
66 91 15
66 80 10
66 79 17
66 126 11
66 94 9
66 89 15
66 72 20
66 108 1
66 90 7
66 122 18
66 72 15
66 108 7
66 67 6
67 72 13
67 91 6
67 125 16
67 94 4
67 116 20
67 117 11
67 86 7
67 121 12
67 105 2
67 89 5
67 77 11
67 89 15
67 79 8
67 97 15
67 104 13
67 80 11
67 113 2
67 82 2
67 73 14
67 92 15
67 109 10
67 85 17
67 118 18
67 86 1
67 109 2
67 87 12
67 89 12
68 68 7
68 107 18
68 96 4
68 101 8
68 84 11
68 97 20
68 87 2
68 71 16
68 105 12
68 68 3
68 110 17
68 80 2
68 94 13
68 108 1
68 121 2
68 109 12
68 82 13
68 93 17
68 110 10
68 114 6
68 71 12
68 105 13
69 113 18
69 127 17
69 89 8
69 73 4
69 96 20
69 98 7
69 108 5
69 96 7
69 82 18
69 71 7
69 102 6
69 117 6
69 75 2
69 91 16
69 92 20
69 75 17
69 126 11
69 80 14
69 103 11
69 74 6
69 73 7
69 75 14
69 77 9
69 113 1
69 88 4
69 126 19
69 71 4
69 86 11
69 78 14
69 100 6
69 101 9
69 92 12
69 119 20
69 75 6
69 106 13
69 74 15
69 86 3
69 94 3
69 105 13
69 112 5
69 123 6
69 126 12
69 103 1
69 100 6
69 102 11
69 74 15
69 120 1
69 112 4
69 97 17
69 98 12
69 105 16
69 72 4
69 106 15
70 122 2
70 117 19
70 108 1
70 108 7
70 126 19
70 81 11
70 112 17
70 116 2
70 85 6
70 78 10
70 99 9
70 123 2
70 115 19
70 82 16
70 101 3
70 118 6
70 92 4
70 106 12
70 102 14
70 118 14
70 123 13
70 82 20
70 82 19
70 102 6
70 85 11
71 95 12
71 76 17
71 112 17
71 98 20
71 121 8
71 90 7
71 90 2
71 108 8
71 73 6
71 77 12
71 85 18
71 123 8
71 83 18
71 123 11
71 126 16
71 84 12
71 123 1
71 122 10
71 81 10
71 108 14
71 108 1
71 71 13
71 100 8
71 93 4
71 83 7
71 77 10
71 126 11
71 108 16
71 116 17
71 124 19
71 107 4
71 102 20
71 84 17
71 88 19
72 109 9
72 117 19
72 127 7
72 72 8
72 88 12
72 89 18
72 93 12
72 109 10
72 120 2
72 116 13
72 85 6
72 115 9
72 110 7
72 106 11
72 92 16
72 102 19
72 101 12
72 80 13
72 124 4
73 117 2
73 99 4
73 100 3
73 117 6
73 73 20
73 75 1
73 119 20
73 97 5
73 122 19
73 88 8
73 97 10
73 86 10
73 88 20
73 120 20
73 85 15
73 124 8
73 105 9
73 122 7
73 115 16
73 121 6
73 106 6
74 76 12
74 101 9
74 120 7
74 105 1
74 80 10
74 112 12
74 95 4
74 127 13
74 96 15
74 101 5
74 91 9
74 117 12
74 126 12
74 89 10
74 102 2
74 78 9
74 103 11
74 90 1
74 97 15
74 89 15
74 99 9
74 79 19
74 107 20
74 84 10
74 77 3
74 96 15
74 96 7
74 100 2
74 111 15
74 90 15
74 107 18
74 107 14
74 101 9
74 113 15
74 91 3
74 85 4
74 85 3
74 103 8
74 103 18
74 78 12
74 117 12
74 107 3
74 76 15
74 112 18
74 92 11
74 107 2
74 81 19
74 111 4
74 92 4
74 83 9
75 89 20
75 85 6
75 114 5
75 119 20
75 78 9
75 89 4
75 92 4
75 98 16
75 119 3
76 107 20
76 101 19
76 104 7
76 124 15
76 101 9
76 84 4
76 109 9
76 106 15
76 124 3
76 79 5
76 118 7
76 88 1
76 101 15
76 77 13
76 116 3
76 118 13
76 107 17
76 94 12
76 106 16
76 115 14
76 98 12
76 102 9
76 99 17
76 85 12
76 90 2
76 77 13
76 125 19
76 120 18
76 110 11
76 95 5
76 78 7
76 114 16
76 112 3
76 114 1
76 102 20
76 90 12
77 96 11
77 95 12
77 103 8
77 99 16
77 99 18
77 118 7
77 100 14
77 110 4
77 87 3
77 84 13
77 77 15
77 81 2
77 87 16
77 98 5
77 89 5
77 89 20
77 104 18
77 94 20
77 88 19
77 83 18
77 109 1
77 123 16
77 108 17
77 103 7
77 118 5
77 105 20
77 90 17
77 116 13
77 101 16
77 121 10
77 123 6
77 104 20
77 101 17
77 99 15
77 110 8
77 90 1
77 108 13
77 112 1
77 95 17
77 78 9
77 112 4
77 82 2
77 123 10
77 86 4
77 111 3
77 83 5
77 120 5
77 108 16
78 117 16
78 88 6
78 101 11
78 101 10
79 101 17
79 124 5
79 119 11
79 120 16
79 90 2
79 82 12
79 110 18
79 88 3
79 104 4
79 84 4
79 125 18
79 104 15
79 115 11
79 122 12
79 99 20
79 108 8
79 92 8
79 107 20
79 102 13
79 87 2
79 121 18
80 119 5
80 104 4
81 83 2
81 83 15
81 83 2
81 123 5
81 105 10
81 91 7
81 97 1
81 86 18
81 126 8
81 127 16
81 93 9
81 118 10
81 108 16
81 84 17
81 100 10
81 122 5
81 96 18
81 94 14
81 94 7
81 109 8
81 126 16
81 120 7
81 93 16
81 121 17
82 101 3
82 102 10
82 119 12
82 91 13
82 100 12
82 91 4
83 92 7
83 104 9
83 95 17
83 118 13
83 101 16
83 105 9
84 121 19
84 121 15
84 113 19
84 99 12
84 87 17
85 125 7
85 93 17
85 115 1
85 121 15
85 113 19
85 119 11
85 110 20
85 98 14
85 90 19
85 91 20
85 126 18
85 110 17
85 91 11
85 87 3
85 118 18
85 117 16
85 104 2
85 103 9
85 116 5
85 113 6
85 97 14
85 95 7
85 95 14
85 107 16
85 108 20
85 118 18
85 103 7
85 98 16
85 90 8
86 118 7
86 117 19
86 117 9
86 106 1
86 125 12
86 92 7
86 114 8
86 89 16
86 113 10
86 96 13
86 101 18
86 110 9
86 94 11
86 97 11
86 94 6
86 121 18
86 97 1
86 93 4
86 111 2
86 86 14
86 102 19
86 103 7
86 93 16
86 106 1
86 87 2
86 105 1
86 113 6
86 98 19
86 114 17
86 119 19
86 97 15
87 111 10
87 105 16
87 127 14
87 119 8
87 94 5
87 107 1
87 126 19
87 95 12
87 89 16
87 106 1
87 112 11
87 105 1
87 97 14
87 122 6
87 126 19
87 110 12
87 114 3
88 110 10
88 119 2
88 125 6
89 105 7
89 116 5
89 125 16
89 95 11
89 105 11
89 108 17
89 118 18
89 113 19
90 123 18
91 110 1
91 104 5
91 95 13
91 121 3
91 97 19
91 125 8
91 126 17
91 107 20
91 117 16
91 100 4
91 125 8
91 92 9
91 113 20
91 121 2
91 126 4
91 101 9
91 103 18
91 94 13
91 108 15
91 103 3
91 118 7
91 107 20
91 125 12
91 124 16
92 109 3
92 116 20
92 117 19
92 94 17
92 115 12
92 104 8
92 94 13
92 126 4
92 108 13
92 104 1
92 101 12
92 95 20
92 101 5
92 100 17
92 127 13
92 112 18
92 103 15
92 106 13
92 111 14
92 104 9
92 125 18
92 109 4
92 93 2
92 127 11
92 106 14
92 119 3
92 105 8
92 118 17
92 106 15
92 92 7
92 123 3
92 117 4
92 105 6
93 123 12
93 125 8
93 114 19
93 95 14
93 117 3
93 103 7
93 123 17
93 107 3
93 118 6
94 111 5
94 107 8
94 108 20
94 126 19
94 94 17
94 115 11
94 96 11
94 103 7
94 106 14
94 108 4
94 120 15
94 107 13
94 105 19
94 104 7
94 111 6
94 113 17
94 114 2
94 101 13
94 114 5
94 121 8
94 102 2
94 122 4
94 109 8
94 104 1
94 106 20
94 123 10
94 124 5
94 106 20
94 104 4
94 121 7
94 107 16
94 119 11
94 110 9
95 113 9
95 96 7
95 104 15
95 121 2
95 95 1
95 112 11
95 103 15
95 103 11
95 100 5
95 109 19
95 118 20
95 115 18
96 111 10
96 117 16
97 122 9
97 119 6
97 106 20
97 121 12
97 99 9
97 110 20
97 97 8
97 121 8
97 107 12
97 125 1
97 115 18
97 114 2
98 121 15
98 107 16
98 103 5
98 100 4
98 104 15
98 125 19
98 115 9
98 118 13
98 107 14
98 123 1
98 111 20
98 109 3
98 124 9
98 121 19
98 123 9
98 104 17
98 117 20
98 122 9
98 108 1
98 124 19
98 112 8
98 118 15
98 98 15
98 105 10
99 103 9
99 122 13
99 105 7
99 99 3
99 109 11
99 114 12
99 125 15
99 123 4
99 109 8
99 124 7
99 119 16
99 111 10
99 127 19
99 125 2
99 102 2
99 122 14
99 103 20
99 116 17
99 107 6
99 117 20
99 117 17
99 125 1
99 109 16
99 107 10
99 106 2
100 113 9
100 125 1
100 107 9
100 103 15
100 102 10
100 122 12
100 107 4
100 114 3
100 114 2
100 124 10
100 102 9
100 120 11
100 108 15
100 110 15
100 123 5
100 108 10
100 109 2
100 125 10
100 103 6
100 123 5
100 105 14
100 100 19
100 124 4
100 109 3
101 112 2
101 102 9
101 117 3
101 118 12
101 102 1
101 116 2
101 112 16
101 108 12
101 117 20
101 116 7
101 123 5
101 126 11
101 113 16
101 107 12
101 110 1
101 118 11
101 110 13
101 111 4
101 112 11
101 120 9
101 117 10
102 119 6
102 118 13
102 123 1
102 105 11
102 115 7
102 111 12
102 107 17
102 102 18
102 108 9
102 119 4
102 116 12
102 110 20
102 119 18
103 113 16
103 108 16
103 112 7
103 119 20
103 122 18
103 118 9
103 110 2
103 125 18
103 103 18
103 119 3
103 106 13
103 112 1
103 116 9
103 109 7
103 113 16
103 109 7
103 125 11
103 119 15
103 112 1
103 117 20
103 117 16
104 118 4
104 108 15
104 119 12
104 116 12
104 115 10
104 121 1
104 113 4
104 123 8
104 119 19
104 111 6
104 109 3
104 105 7
104 109 16
104 114 11
104 120 2
105 118 3
105 112 7
105 116 4
105 121 7
105 112 4
105 125 4
105 122 16
105 125 15
105 114 7
105 106 16
105 105 9
105 105 2
105 121 16
105 114 18
106 120 9
106 109 12
106 126 6
106 107 11
106 119 20
106 122 1
106 118 15
106 116 17
107 121 5
107 116 5
107 107 16
107 121 20
107 112 20
107 107 20
107 115 17
107 113 12
107 110 7
107 126 15
107 121 10
108 109 4
108 122 6
108 110 16
108 112 20
108 115 2
108 123 17
108 127 6
108 113 3
108 118 12
108 124 19
109 119 6
109 112 12
109 123 13
109 110 4
109 124 20
109 118 17
109 119 7
109 119 7
109 114 1
109 115 17
109 112 8
109 119 4
109 116 12
109 126 20
109 127 5
109 126 3
109 122 4
110 122 7
111 112 4
111 111 11
111 119 9
111 115 2
111 123 15
111 125 15
111 119 8
111 116 1
111 127 19
111 122 15
111 123 10
111 117 10
111 113 12
111 125 14
111 127 20
111 113 10
112 124 8
112 116 10
112 112 8
112 127 2
113 117 9
113 121 16
113 127 5
113 126 10
113 126 3
113 126 4
113 123 18
113 116 4
113 126 20
113 127 13
113 127 20
113 117 2
113 114 15
113 125 10
114 117 5
114 115 14
114 114 14
114 117 14
114 117 17
114 117 18
114 117 18
114 121 5
114 119 3
115 119 6
115 123 13
115 115 10
116 118 15
116 118 16
116 119 15
116 120 19
116 123 10
116 127 2
116 117 19
117 117 1
117 120 17
117 122 2
117 125 10
117 126 4
117 123 2
117 125 2
117 120 1
118 119 9
118 119 6
118 121 11
118 122 9
118 125 8
118 121 12
118 126 11
119 127 13
119 125 16
119 124 3
119 122 14
119 123 7
120 123 10
120 125 16
120 126 11
120 123 4
121 124 6
121 125 18
121 126 18
121 121 1
122 127 19
122 127 17
122 122 2
123 125 1
124 126 4
124 124 4
124 127 5
125 125 18
125 127 4
126 126 8
127 127 2
