0
17
23
34
46
54
71
74
83
107
111
122
137
137
137
144
154
157
187
199
207
210
225
228
232
233
236
237
239
241
242
247
250
250
250
261
271
275
310
314
315
323
337
343
345
355
355
357
365
383
421
441
446
459
465
499
514
530
533
536
545
564
568
578
580
597
600
604
609
611
615
621
627
636
644
649
656
659
674
693
696
727
733
745
758
764
764
767
775
805
805
810
814
818
818
821
838
841
849
853
855
861
870
872
885
900
915
916
921
952
954
967
968
993
1001
1007
1014
1033
1039
1045
1048
1059
1065
1078
1079
1083
1103
1109
1129
1133
1137
1138
1142
1151
1161
1164
1178
1181
1198
1202
1206
1207
1216
1216
1225
1226
1234
1238
1244
1255
1255
1262
1264
1266
1279
1292
1299
1299
1310
1320
1342
1359
1359
1360
1363
1365
1366
1369
1370
1374
1379
1380
1386
1395
1411
1421
1440
1443
1459
1460
1464
1471
1482
1492
1511
1513
1527
1539
1552
1553
1557
1558
1562
1564
1581
1588
1592
1600
1608
1610
1615
1620
1626
1633
1636
1641
1680
1689
1697
1697
1703
1705
1714
1714
1715
1719
1719
1722
1732
1735
1737
1741
1745
1748
1775
1781
1786
1790
1792
1793
1806
1810
1810
1813
1816
1820
1822
1847
1848
1855
1857
1858
1864
1883
1885
1890
1902
1906
1914
1918
1921
1923
1926
1928
1944
1948
1951
1965
1979
1985
1990
1994
1999
2006
2008
2010
2018
2021
2030
2034
2035
2042
2048
2053
2055
2067
2071
2080
2109
2146
2150
2152
2165
2168
2173
2173
2183
2197
2199
2199
2202
2208
2208
2211
2215
2216
2218
2227
2248
2250
2256
2264
2266
2266
2267
2268
2278
2280
2284
2290
2293
2301
2304
2307
2313
2313
2321
2342
2348
2354
2356
2360
2363
2367
2417
2422
2433
2449
2456
2458
2459
2467
2483
2490
2496
2497
2502
2504
2505
2508
2517
2524
2526
2538
2544
2556
2567
2568
2584
2596
2618
2622
2624
2631
2633
2634
2635
2637
2640
2640
2641
2661
2665
2681
2693
2695
2701
2708
2722
2724
2732
2741
2756
2757
2774
2782
2785
2797
2827
2831
2841
2851
2852
2854
2863
2870
2871
2874
2892
2901
2908
2908
2925
2935
2957
2970
2991
3001
3043
3047
3055
3062
3063
3064
3065
3070
3082
3101
3104
3121
3127
3145
3158
3168
3169
3173
3178
3181
3212
3219
3223
3224
3263
3276
3282
3284
3287
3296
3310
3315
3315
3321
3333
3341
3345
3353
3357
3362
3377
3380
3382
3383
3393
3395
3402
3424
3442
3449
3450
3451
3465
3484
3504
3528
3538
3541
3541
3551
3552
3553
3597
3633
3647
3655
3658
3659
3659
3667
3668
3674
3678
3688
3697
3702
3706
3710
3727
3727
3732
3736
3765
3799
3804
3820
3825
3829
3833
3834
3835
3838
3845
3846
3847
3861
3875
3891
3896
3936
3951
3964
3966
3976
3977
3980
3983
3985
3994
4002
4003
4007
4018
4043
4049
4054
4056
4071
4072
4095
4097
4097
4104
4128
4131
4131
4140
4147
4148
4181
4183
4189
4203
4211
4218
4241
4249
4267
4267
4280
4287
4301
4313
4313
4317
4324
4334
4337
4340
4346
4353
4384
4389
4410
4412
4423
4438
4445
4461
4475
4485
4485
4498
4505
4508
4510
4519
4523
4527
4560
4583
4587
4590
4591
4608
4636
4638
4639
4643
4651
4655
4660
4670
4691
4720
4742
4742
4762
4780
4789
4791
4791
4811
4811
4824
4831
4835
4846
4855
4863
4872
4890
4903
4906
4907
4907
4927
4954
4965
4970
4986
4992
4996
5001
5001
5004
5016
5020
5023
5025
5026
5038
5048
5055
5056
5058
5062
5075
5076
5079
5089
5089
5094
5102
5103
5107
5118
5125
5161
5166
5184
5190
5206
5212
5220
5224
5225
5229
5231
5247
5250
5255
5267
5274
5289
5292
5294
5310
5323
5328
5336
5338
5348
5368
5377
5384
5390
5407
5416
5420
5422
5424
5431
5434
5441
5457
5463
5467
5476
5482
5483
5500
5504
5506
5509
5511
5511
5515
5518
5528
5538
5560
5562
5570
5575
5576
5583
5585
5588
5605
5610
5612
5614
5635
5652
5653
5663
5665
5673
5679
5679
5686
5687
5698
5700
5724
5732
5733
5746
5761
5768
5772
5774
5777
5795
5800
5802
5813
5821
5838
5853
5871
5876
5880
5885
5898
5907
5908
5918
5935
5937
5941
5946
5951
5973
5981
5982
5993
5995
6016
6047
6073
6074
6077
6101
6119
6128
6133
6136
6145
6146
6156
6164
6169
6173
6180
6213
6214
6221
6223
6235
6237
6240
6240
6241
6243
6245
6253
6255
6258
6261
6261
6266
6274
6275
6276
6283
6286
6288
6292
6294
6314
6326
6329
6334
6337
6348
6354
6366
6371
6379
6379
6382
6387
6396
6406
6416
6419
6420
6421
6423
6433
6458
6471
6478
6485
6487
6510
6511
6516
6522
6532
6532
6535
6543
6549
6563
6572
6582
6583
6596
6603
6615
6623
6626
6632
6640
6658
6660
6668
6689
6694
6698
6701
6709
6714
6719
6720
6724
6746
6764
6778
6779
6792
6854
6863
6867
6889
6900
6902
6909
6917
6936
6940
6944
6947
6950
6951
6958
6958
6961
6977
6988
6991
6992
6995
7001
7003
7008
7026
7028
7032
7045
7056
7095
7101
7110
7112
7112
7121
7131
7136
7175
7181
7193
7199
7199
7200
7209
7213
7218
7219
7223
7249
7252
7260
7269
7278
7282
7286
7287
7311
7319
7324
7326
7327
7327
7335
7336
7344
7359
7361
7366
7382
7390
7393
7417
7423
7430
7457
7466
7473
7476
7478
7481
7500
7507
7511
7520
7525
7527
7536
7553
7562
7581
7583
7584
7603
7616
7635
7642
7662
7664
7676
7680
7698
7703
7704
7729
7733
7735
7742
7754
7757
7766
7777
7782
7793
7815
7822
7830
7835
7845
7846
7847
7848
7854
7866
7871
7889
7909
7939
7944
7945
7945
7956
7957
7959
7959
7966
7989
7992
8002
8002
8016
8025
8032
8036
8039
8047
8075
8076
8097
8110
8113
8123
8128
8169
8174
8186
8191
8193
8196
8202
8224
8246
8250
8250
8254
8266
8274
8287
8287
8293
8302
8303
8309
8319
8323
8338
8368
8381
8385
8390
8390
8392
8398
8399
8406
8422
8424
8433
8434
8435
8442
8451
8455
8457
8463
8468
8478
8510
8515
8528
8548
8551
8563
8563
8564
8566
8584
8588
8591
8597
8601
8605
8606
8611
8621
8621
8622
8624
8631
8648
8666
8671
8679
8690
8698
8701
8736
8742
8752
8756
8776
8785
8788
8790
8795
8798
8815
8818
8825
8844
8865
8903
8904
8905
8909
8912
8921
8938
8942
8944
8949
8949
8967
8971
8979
8980
8994
8994
9008
9027
9030
9037
9046
9058
9059
9072
9082
9100
9119
9124
9136
9148
9150
9152
9154
9156
9172
9191
9192
9192
9193
9197
9201
9203
9209
9212
9220
9223
9229
9229
9234
9237
9247
9260
9262
9263
9269
9296
9296
9302
9307
9313
9314
9322
9327
9336
9338
9342
9342
9353
9359
9367
9369
9382
9393
9410
9415
9415
9416
9419
9421
9421
9430
9433
9436
9447
9455
9462
9466
9466
9486
9491
9499
9499
9504
9525
9527
9532
9535
9539
9558
9573
9581
9593
9594
9599
9600
9606
9609
9622
9647
9650
9655
9662
9675
9675
9677
9679
9683
9699
9701
9705
9707
9713
9713
9714
9721
9729
9737
9748
9760
9763
9768
9772
9777
9778
9796
9808
9822
9841
9846
9847
9848
9852
9865
9866
9882
9885
9895
9902
9906
9911
9932
9933
9941
9948
9951
9962
9966
9978
10008
10022
10030
10036
10057
10058
10059
10078
10105
10105
10109
10111
10127
10137
10141
10153
10166
10176
10183
10190
10195
10198
10213
10224
10225
10225
10228
10241
10257
10285
10286
10298
10310
10325
10326
10329
10332
10332
10332
10335
10340
10357
10366
10370
10373
10379
10380
10414
10414
10415
10417
10429
10432
10460
10475
10477
10481
10483
10485
10504
10518
10519
10533
10568
10572
10575
10576
10586
10587
10596
10603
10620
10630
10630
10630
10651
10655
10662
10677
10691
10692
10724
10759
10791
10791
10794
10796
10801
10805
10825
10840
10847
10849
10849
10868
10897
10903
10906
10908
10920
10933
10939
10962
10978
10994
11001
11005
11007
11009
11040
11071
11076
11079
11086
11089
11089
11098
11115
11131
11135
11139
11141
11153
11155
11172
11175
11178
11182
11189
11192
11208
11215
11224
11229
11242
11254
11259
11265
11280
11282
11284
11290
11291
11313
11327
11342
11351
11367
11368
11369
11373
11380
11381
11411
11415
11422
11424
11434
11434
11437
11442
11468
11474
11495
11502
11510
11534
11537
11541
11547
11570
11570
11578
11588
11599
11611
11637
11643
11662
11667
11677
11686
11691
11696
11703
11708
11712
11721
11728
11730
11731
11732
11735
11742
11759
11785
11788
11789
11793
11799
11799
11808
11827
11837
11839
11846
11853
11860
11869
11877
11880
11882
11892
11898
11913
11914
11929
11929
11943
11945
11955
11961
11967
11977
11995
12003
12012
12013
12014
12015
12016
12022
12030
12041
12046
12054
12056
12057
12063
12073
12095
12099
12102
12120
12122
12128
12132
12146
12148
12154
12166
12168
12169
12172
12179
12179
12185
12202
12205
12206
12213
12218
12229
12230
12269
12275
12277
12295
12296
12304
12309
12324
12324
12329
12333
12340
12344
12347
12352
12371
12379
12391
12394
12413
12433
12450
12462
12462
12464
12473
12480
12484
12484
12491
12512
12519
12545
12547
12549
12553
12575
12576
12582
12586
12595
12595
12595
12596
12597
12600
12626
12627
12629
12636
12650
12653
12657
12667
12676
12676
12677
12685
12693
12695
12732
12737
12740
12755
12785
12808
12812
12826
12828
12838
12844
12845
12866
12869
12877
12880
12894
12902
12909
12911
12917
12919
12922
12923
12926
12928
12938
12952
12952
12956
12981
12995
12996
12998
13000
13021
13027
13034
13037
13044
13049
13049
13071
13072
13076
13079
13089
13101
13101
13128
13136
13148
13152
13176
13176
13184
13191
13198
13199
13209
13214
13236
13237
13255
13263
13264
13272
13278
13281
13285
13289
13294
13315
13317
13335
13351
13358
13369
13376
13379
13381
13384
13387
13413
13418
13422
13424
13431
13431
13433
13434
13435
13448
13453
13479
13488
13489
13493
13494
13520
13520
13528
13530
13545
13556
13568
13572
13580
13583
13583
13584
13600
13604
13605
13606
13619
13632
13647
13653
13657
13658
13671
13672
13679
13689
13694
13695
13705
13719
13730
13751
13779
13782
13785
13804
13819
13846
13861
13863
13863
13864
13867
13869
13890
13891
13896
13897
13910
13923
13930
13934
13949
13972
13981
13999
14012
14019
14020
14029
14033
14033
14036
14045
14047
14080
14082
14093
14095
14103
14111
14133
14134
14136
14139
14164
14170
14176
14178
14185
14186
14188
14189
14201
14210
14215
14223
14233
14235
14251
14267
14272
14274
14274
14279
14280
14287
14306
14307
14322
14329
14347
14357
14361
14383
14400
14403
14407
14419
14444
14444
14456
14459
14478
14483
14490
14495
14500
14518
14523
14542
14547
14557
14569
14577
14577
14589
14592
14618
14620
14621
14632
14636
14641
14652
14682
14692
14695
14707
14709
14714
14740
14743
14757
14771
14778
14781
14789
14797
14810
14822
14840
14844
14868
14881
14889
14902
14906
14909
14914
14916
14916
14920
14927
14934
14939
14946
14955
14964
14968
14971
14976
14980
14985
14995
14996
14997
15015
15017
15022
15032
15034
15034
15054
15066
15085
15087
15096
15100
15121
15122
15155
15182
15192
15199
15199
15207
15224
15233
15239
15242
15256
15269
15297
15299
15330
15336
15336
15369
15372
15375
15394
15399
15404
15413
15414
15417
15419
15425
15436
15440
15457
15459
15470
15486
15492
15499
15517
15521
15526
15528
15529
15533
15539
15543
15555
15555
15559
15566
15569
15576
15582
15592
15597
15613
15613
15624
15633
15637
15638
15640
15641
15674
15676
15691
15692
15698
15699
15702
15703
15706
15725
15739
15752
15756
15765
15778
15778
15786
15801
15803
15809
15818
15819
15821
15836
15841
15846
15853
15854
15855
15863
15866
15876
15880
15883
15885
15897
15914
15920
15923
15931
15937
15944
15945
15950
15950
15952
15956
15962
15966
15977
15987
15994
15996
15999
16000
16006
16024
16030
16040
16042
16061
16064
16065
16072
16072
16074
16095
16100
16122
16124
16127
16128
16149
16159
16169
16176
16219
16223
16238
16240
16243
16258
16260
16295
16303
16308
16314
16322
16327
16332
16333
16343
16358
16359
16361
16363
16374
16382
16382
16383
16386
16396
16401
16417
16431
16441
16441
16457
16474
16474
16494
16497
16511
16529
16529
16554
16571
16580
16582
16603
16605
16606
16607
16618
16621
16628
16630
16641
16655
16655
16659
16665
16667
16670
16680
16686
16688
16692
16706
16721
16722
16729
16764
16764
16764
16769
16775
16776
16777
16781
16792
16795
16795
16807
16813
16821
16837
16855
16858
16868
16879
16887
16887
16917
16919
16925
16926
16926
16944
16949
16950
16957
16967
16970
16981
16993
17007
17008
17046
17054
17065
17065
17070
17073
17087
17106
17109
17119
17126
17134
17140
17147
17149
17162
17187
17190
17200
17207
17238
17248
17251
17256
17257
17257
17263
17313
17317
17318
17326
17326
17334
17339
17353
17372
17372
17374
17377
17378
17387
17388
17395
17413
17414
17418
17427
17441
17443
17456
17458
17459
17464
17467
17473
17484
17488
17491
17509
17510
17513
17527
17530
17539
17543
17547
17556
17557
17557
17557
17562
17570
17574
17574
17579
17583
17586
17587
17589
17600
17603
17619
17636
17643
17647
17650
17652
17667
17675
17678
17681
17692
17693
17694
17703
17715
17733
17741
17744
17754
17754
17755
17761
17769
17772
17785
17791
17797
17806
17814
17827
17828
17830
17864
17869
17873
17874
17889
17903
17907
17907
17920
17928
17964
17966
17981
17984
17992
17998
18008
18023
18024
18025
18032
18040
18043
18047
18071
18073
18078
18078
18094
18097
18101
18105
18122
18123
18126
18136
18136
18136
18142
18149
18151
18153
18167
18168
18171
18171
18175
18181
18187
18190
18190
18192
18197
18198
18198
18203
18224
18225
18228
18235
18240
18245
18246
18248
18250
18261
18263
18263
18271
18274
18276
18298
18298
18301
18331
18341
18349
18350
18354
18356
18361
18372
18376
18380
18384
18385
18402
18426
18441
18446
18460
18465
18472
18472
18482
18495
18501
18507
18508
18511
18514
18517
18522
18526
18527
18527
18528
18530
18532
18533
18535
18540
18547
18547
18550
18557
18568
18579
18591
18595
18605
18621
18639
18644
18656
18657
18658
18663
18668
18671
18673
18680
18691
18695
18696
18703
18707
18710
18736
18736
18743
18746
18753
18769
18794
18805
18822
18851
18859
18860
18863
18863
18871
18879
18880
18880
18880
18882
18883
18892
18899
18899
18904
18904
18906
18921
18932
18945
18962
19004
19007
19007
19028
19045
19050
19061
19078
19088
19090
19106
19109
19118
19123
19124
19125
19136
19138
19141
19159
19160
19163
19190
19197
19215
19233
19238
19252
19268
19273
19291
19300
19306
19329
19339
19342
19348
19365
19368
19376
19376
19376
19387
19388
19395
19397
19409
19410
19425
19426
19439
19440
19440
19442
19444
19456
19475
19476
19485
19494
19499
19499
19517
19531
19540
19543
19545
19547
19549
19551
19573
19579
19580
19583
19589
19604
19613
19616
19618
19621
19628
19628
19632
19659
19666
19691
19697
19724
19746
19746
19751
19761
19761
19772
19774
19776
19778
19784
19790
19798
19799
19812
19834
19837
19851
19856
19856
19858
19858
19859
19861
19864
19887
19888
19888
19893
19897
19907
19919
19919
19951
19963
19967
19967
19975
19977
19980
19988
19992
19993
19996
19999
20005
20016
20017
20026
20045
20050
20056
20057
20057
20072
20072
20075
20080
20085
20103
20115
20134
20146
20157
20159
20162
20165
20187
20193
20217
20223
20233
20242
20254
20267
20268
20270
20282
20283
20286
20292
20294
20307
20312
20317
20333
20349
20356
20365
20366
20373
20374
20376
20380
20388
20403
20407
20407
20422
20425
20432
20444
20445
20451
20457
20477
20485
20488
20494
20512
20514
20515
20523
20538
20554
20578
20597
20606
20627
20642
20652
20657
20661
20667
20693
20699
20708
20713
20714
20728
20729
20732
20746
20767
20767
20773
20783
20800
20806
20810
20843
20844
20846
20853
20854
20867
20872
20882
20887
20910
20922
20922
20927
20928
20935
20950
20966
20971
20986
20996
20999
21001
21008
21018
21024
21031
21052
21053
21056
21061
21062
21064
21084
21097
21105
21118
21123
21124
21125
21147
21153
21156
21159
21186
21188
21192
21197
21213
21229
21240
21246
21258
21260
21262
21291
21306
21334
21334
21340
21341
21342
21369
21379
21385
21392
21393
21399
21402
21404
21410
21420
21423
21452
21455
21459
21460
21461
21463
21473
21495
21501
21503
21510
21513
21525
21532
21533
21533
21553
21561
21563
21564
21565
21572
21580
21586
21599
21602
21606
21616
21639
21642
21653
21662
21682
21684
21689
21692
21702
21705
21721
21731
21733
21743
21749
21770
21783
21784
21785
21795
21798
21800
21800
21810
21815
21816
21816
21839
21844
21849
21851
21862
21872
21874
21894
21905
21913
21931
21942
21954
21955
21967
21969
21970
21978
21978
21994
22008
22010
22035
22039
22042
22046
22047
22058
22063
22088
22098
22111
22124
22133
22133
22140
22156
22186
22210
22213
22214
22224
22229
22233
22238
22247
22257
22261
22270
22271
22276
22277
22284
22300
22303
22307
22309
22310
22328
22337
22341
22352
22361
22388
22393
22397
22405
22432
22441
22453
22454
22456
22459
22463
22472
22484
22488
22489
22494
22495
22504
22504
22505
22507
22508
22518
22523
22525
22530
22538
22564
22569
22613
22619
22633
22652
22655
22692
22707
22720
22723
22731
22736
22739
22746
22757
22757
22767
22769
22770
22778
22781
22787
22789
22791
22793
22795
22796
22802
22844
22844
22846
22851
22857
22857
22875
22884
22892
22897
22900
22910
22910
22925
22929
22939
22947
22991
23005
23051
23055
23057
23063
23070
23073
23083
23094
23095
23124
23125
23132
23138
23138
23149
23159
23162
23163
23167
23168
23171
23180
23190
23192
23202
23228
23234
23241
23244
23251
23261
23266
23268
23275
23290
23306
23333
23354
23356
23369
23371
23375
23385
23387
23405
23413
23415
23416
23422
23428
23428
23438
23441
23452
23472
23478
23488
23491
23504
23532
23543
23543
23544
23553
23555
23557
23570
23593
23597
23610
23610
23612
23613
23636
23650
23654
23656
23678
23687
23689
23694
23713
23716
23718
23732
23734
23746
23750
23759
23765
23774
23782
23800
23811
23812
23822
23835
23837
23848
23873
23875
23881
23891
23899
23901
23902
23924
23933
23952
23953
23954
23960
23984
23985
23986
23989
23998
24006
24035
24042
24045
24054
24055
24056
24059
24078
24087
24090
24091
24097
24099
24108
24108
24115
24118
24122
24128
24133
24136
24137
24138
24142
24148
24155
24168
24168
24170
24195
24197
24226
24233
24240
24250
24253
24255
24261
24290
24302
24318
24337
24337
24361
24363
24370
24375
24375
24389
24412
24424
24429
24430
24451
24456
24464
24469
24477
24480
24483
24485
24498
24504
24520
24521
24527
24537
24538
24559
24575
24578
24614
24626
24629
24632
24648
24677
24678
24683
24687
24687
24691
24696
24701
24737
24739
24767
24780
24784
24794
24805
24822
24822
24825
24825
24830
24835
24838
24847
24850
24860
24864
24866
24872
24873
24878
24881
24899
24901
24917
24922
24923
24937
24953
24963
24967
24969
24978
25001
25006
25013
25016
25025
25028
25052
25058
25061
25066
25071
25072
25075
25088
25101
25104
25114
25117
25129
25131
25138
25140
25152
25164
25168
25191
25193
25194
25196
25225
25243
25247
25265
25266
25267
25308
25314
25315
25325
25326
25360
25378
25387
25394
25395
25410
25423
25435
25441
25441
25453
25455
25465
25467
25481
25489
25504
25504
25513
25526
25533
25551
25555
25557
25558
25568
25573
25595
25596
25616
25628
25644
25645
25654
25665
25667
25672
25673
25696
25705
25708
25720
25721
25723
25740
25740
25750
25766
25776
25782
25788
25798
25806
25809
25815
25821
25825
25830
25834
25834
25836
25847
25849
25866
25868
25887
25895
25896
25904
25909
25909
25932
25934
25937
25938
25941
25949
25957
25964
25977
25978
25979
25985
25986
25987
26003
26027
26031
26044
26059
26076
26077
26082
26083
26146
26160
26170
26173
26184
26185
26209
26211
26213
26220
26220
26236
26248
26259
26263
26273
26278
26280
26288
26298
26301
26314
26318
26328
26337
26346
26350
26374
26376
26385
26400
26409
26418
26436
26443
26470
26481
26489
26494
26498
26509
26510
26516
26523
26524
26528
26536
26544
26554
26557
26565
26578
26580
26581
26581
26589
26602
26606
26606
26611
26611
26618
26624
26648
26649
26654
26669
26684
26689
26695
26695
26695
26703
26710
26710
26720
26721
26724
26757
26762
26775
26777
26790
26801
26804
26805
26807
26808
26817
26819
26829
26834
26847
26855
26867
26875
26899
26899
26900
26926
26926
26945
26954
26960
26990
27011
27022
27022
27026
27034
27035
27039
27050
27057
27063
27064
27102
27119
27120
27121
27127
27131
27132
27133
27142
27148
27159
27164
27171
27179
27183
27186
27186
27187
27206
27217
27217
27222
27231
27236
27236
27253
27258
27282
27301
27302
27306
27318
27331
27334
27335
27338
27360
27365
27395
27395
27399
27409
27410
27410
27421
27422
27425
27428
27433
27440
27447
27456
27461
27467
27468
27473
27474
27474
27507
27508
27510
27522
27539
27540
27552
27554
27560
27564
27575
27582
27584
27592
27598
27601
27614
27617
27629
27632
27635
27637
27647
27666
27679
27681
27686
27693
27709
27713
27713
27720
27736
27741
27742
27747
27757
27761
27769
27791
27795
27797
27804
27810
27825
27852
27856
27861
27865
27866
27873
27874
27875
27879
27887
27901
27905
27909
27922
27925
27938
27945
27954
27963
27967
27968
27973
27990
27993
28010
28016
28018
28022
28030
28031
28033
28040
28045
28049
28049
28050
28055
28065
28079
28081
28087
28093
28106
28109
28115
28124
28125
28133
28145
28147
28161
28167
28171
28172
28194
28225
28231
28233
28235
28241
28255
28258
28286
28299
28301
28303
28314
28323
28342
28345
28346
28347
28348
28352
28363
28369
28369
28371
28388
28395
28432
28432
28454
28459
28463
28465
28467
28476
28481
28508
28517
28524
28526
28536
28538
28540
28576
28582
28609
28613
28623
28630
28638
28638
28648
28656
28663
28665
28667
28685
28691
28714
28730
28741
28751
28770
28780
28792
28828
28828
28829
28840
28842
28842
28867
28879
28892
28895
28905
28914
28921
28921
28938
28949
28950
28963
28971
28983
28986
28997
29010
29013
29014
29016
29017
29027
29041
29045
29055
29059
29081
29081
29084
29086
29089
29104
29108
29111
29113
29117
29128
29134
29148
29152
29158
29182
29206
29207
29210
29214
29224
29231
29241
29247
29254
29264
29272
29274
29277
29280
29284
29284
29286
29288
29290
29294
29300
29307
29307
29311
29317
29324
29372
29379
29382
29408
29416
29417
29419
29424
29452
29464
29470
29490
29497
29514
29533
29546
29548
29549
29555
29560
29604
29604
29604
29609
29628
29640
29644
29646
29657
29660
29669
29684
29684
29696
29696
29700
29700
29701
29709
29723
29730
29749
29755
29758
29767
29773
29776
29779
29809
29810
29828
29828
29832
29868
29870
29874
29887
29897
29918
29918
29920
29932
29939
29950
29966
29977
29978
29978
29979
30003
30005
30007
30028
30029
30038
30041
30052
30063
30067
30068
30070
30084
30089
30101
30102
30113
30114
30115
30137
30138
30140
30143
30167
30167
30170
30193
30199
30203
30203
30205
30233
30235
30236
30244
30250
30255
30256
30261
30269
30271
30271
30274
30280
30287
30293
30312
30327
30347
30358
30360
30367
30367
30393
30417
30420
30431
30433
30436
30439
30441
30448
30460
30466
30466
30468
30478
30479
30490
30499
30500
30501
30515
30519
30523
30528
30528
30541
30545
30546
30549
30549
30561
30570
30575
30587
30597
30602
30637
30637
30655
30669
30676
30679
30681
30684
30684
30687
30693
30693
30716
30719
30733
30736
30761
30767
30778
30779
30784
30791
30794
30806
30806
30807
30813
30814
30816
30831
30835
30836
30853
30856
30859
30875
30882
30894
30902
30906
30910
30912
30924
30930
30938
30942
30942
30949
30950
30964
30968
30990
30994
31000
31009
31025
31026
31031
31031
31031
31042
31044
31061
31063
31078
31082
31090
31091
31094
31097
31111
31128
31130
31132
31161
31170
31184
31187
31217
31220
31234
31235
31245
31253
31255
31257
31259
31260
31264
31265
31268
31268
31275
31282
31288
31292
31300
31307
31330
31336
31350
31358
31368
31384
31400
31421
31427
31428
31432
31438
31447
31454
31455
31456
31478
31487
31491
31508
31509
31520
31525
31545
31557
31567
31572
31573
31579
31590
31593
31603
31606
31608
31619
31620
31632
31661
31664
31669
31678
31686
31693
31698
31711
31714
31719
31723
31724
31740
31748
31749
31759
31764
31777
31783
31797
31810
31838
31845
31849
31849
31851
31852
31854
31858
31867
31868
31876
31878
31891
31904
31912
31914
31916
31917
31920
31940
31940
31946
31951
31951
31952
31953
31955
31957
31962
31967
31978
31985
32003
32009
32017
32020
32023
32027
32028
32033
32041
32042
32055
32075
32076
32082
32093
32124
32133
32137
32152
32155
32155
32194
32202
32225
32237
32247
32252
32256
32258
32258
32259
32262
32275
32276
32283
32284
32291
32308
32308
32318
32319
32320
32328
32330
32331
32341
32358
32382
32385
32401
32402
32408
32409
32415
32416
32418
32426
32427
32429
32435
32436
32439
32443
32443
32465
32467
32491
32501
32512
32529
32547
32553
32557
32563
32585
32591
32601
32604
32615
32618
32630
32644
32664
32674
32694
32695
32696
32704
32729
32739
32747
