187
210
225
236
241
355
383
649
745
758
838
849
915
1007
1039
1079
1198
1279
1320
1471
1482
1581
1633
1705
1722
1906
1918
1979
2006
2034
2208
2284
2313
2458
2459
2517
2538
2637
2732
2756
2935
3047
3101
3224
3377
3383
3659
3688
3732
3845
3875
4097
4147
4211
4249
4384
4560
4591
4643
4651
4835
4970
5038
5076
5089
5107
5212
5255
5431
5434
5476
5509
5614
5687
5772
5795
5941
5951
6074
6133
6253
6292
6326
6337
6348
6354
6563
6583
6660
6701
6720
6778
6854
6867
6958
7028
7249
7252
7260
7324
7361
7430
7457
7476
7478
7511
7703
7939
8002
8016
8250
8254
8319
8406
8451
8551
8588
8591
8606
8621
8790
8798
8967
9100
9119
9148
9203
9260
9262
9296
9359
9466
9491
9504
9677
9714
9846
9852
9885
10022
10332
10332
10475
10483
10485
10504
10518
10576
10791
10805
10825
11079
11131
11282
11313
11342
11415
11703
11839
11860
11898
12012
12013
12054
12122
12128
12154
12179
12295
12309
12413
12576
12657
12808
12917
12928
12998
13000
13034
13049
13136
13199
13263
13285
13351
13358
13379
13431
13448
13520
13568
13619
13657
13679
13863
13864
13869
13891
14020
14170
14189
14478
14518
14618
14636
14707
14789
14822
14906
14934
14968
15032
15087
15096
15207
15330
15414
15440
15526
15533
15555
15637
15641
15725
15803
15883
15950
15994
16024
16176
16243
16322
16382
16396
16474
16529
16776
16855
16868
16887
16944
16950
16967
16981
17134
17190
17372
17377
17413
17418
17427
17441
17467
17484
17510
17527
17539
17636
17652
17667
17675
17678
17733
17754
17754
17806
17907
18024
18073
18168
18171
18224
18261
18349
18402
18446
18514
18527
18547
18557
18805
18880
18899
18932
19004
19125
19163
19268
19376
19395
19547
19579
19616
19628
19632
19778
19798
19851
19856
19888
19897
19963
19993
20017
20026
20075
20103
20187
20233
20407
20652
20667
20732
20950
21061
21062
21153
21192
21369
21455
21513
21525
21580
21599
21602
21642
21653
21733
21816
21851
21994
22210
22213
22224
22233
22303
22328
22388
22393
22488
22489
22757
22757
22796
22851
22875
22925
23055
23083
23228
23275
23422
23438
23491
23532
23612
23656
23687
23774
23782
23875
23901
24006
24078
24099
24168
24226
24240
24261
24318
24337
24424
24430
24521
24683
24687
24739
24825
24825
24830
24866
24967
24978
25140
25308
25315
25325
25378
25435
25441
25465
25555
25616
25644
25654
25665
25798
25815
25830
25987
26170
26185
26301
26318
26346
26418
26498
26528
26536
26554
26689
26710
26724
26804
26807
26990
27119
27132
27179
27236
27236
27302
27318
27335
27365
27409
27474
27507
27510
27679
27713
27769
27797
27866
27922
27990
28030
28031
28045
28133
28161
28167
28171
28345
28347
28465
28508
28540
28623
28665
29016
29055
29081
29086
29089
29134
29214
29231
29264
29280
29288
29382
29555
29604
29628
29640
29684
29776
29868
29887
29950
30029
30041
30063
30113
30205
30280
30466
30523
30561
30669
30684
30761
30806
30806
31009
31031
31082
31220
31259
31260
31300
31509
31567
31606
31664
31759
31777
31904
31917
31951
32124
32155
32258
32291
32308
32330
32418
32436
32467
32529
32704
