4
7
14
17
19
22
25
26
27
32
44
45
51
60
76
87
90
100
108
112
112
131
142
147
152
156
160
164
165
169
188
197
214
221
230
233
259
269
276
278
283
300
301
321
349
360
363
393
421
433
433
434
435
435
442
454
464
470
474
487
499
500
508
513
536
539
551
564
568
573
573
592
600
603
603
617
622
640
644
653
661
664
667
676
690
692
695
695
708
727
736
738
739
740
744
753
762
792
792
793
800
817
821
824
829
830
841
845
895
896
920
920
923
924
926
927
949
958
984
988
996
1021
1021
1032
1035
1043
1044
1044
1054
1056
1064
1066
1097
1097
1130
1133
1148
1150
1171
1171
1188
1199
1227
1235
1236
1239
1250
1278
1281
1299
1299
1311
1313
1320
1323
1328
1336
1338
1340
1341
1352
1353
1359
1361
1390
1393
1395
1397
1413
1415
1423
1427
1438
1448
1481
1487
1491
1497
1500
1523
1534
1547
1549
1552
1553
1556
1557
1565
1566
1571
1572
1575
1586
1589
1601
1601
1606
1630
1631
1653
1655
1693
1722
1725
1732
1734
1736
1737
1738
1739
1749
1759
1761
1777
1792
1798
1799
1801
1809
1814
1815
1824
1860
1862
1864
1883
1887
1889
1895
1899
1908
1921
1928
1929
1948
1953
1975
1976
1983
1997
2023
2029
2030
2036
2039
2043
2043
2046
2057
2077
2085
2086
2105
2122
2127
2130
2130
2134
2147
2148
2156
2157
2161
2165
2165
2166
2172
2185
2188
2190
2193
2194
2203
2222
2232
2237
2244
2260
2304
2307
2309
2315
2315
2316
2329
2343
2352
2354
2361
2362
2367
2374
2376
2387
2392
2411
2421
2426
2440
2468
2473
2484
2486
2487
2503
2507
2512
2530
2531
2536
2537
2540
2541
2546
2560
2561
2574
2581
2586
2590
2594
2609
2629
2633
2635
2650
2665
2682
2692
2714
2721
2723
2723
2725
2730
2732
2745
2754
2777
2782
2791
2792
2797
2797
2803
2807
2811
2833
2837
2837
2847
2851
2854
2854
2869
2875
2876
2891
2905
2910
2912
2918
2937
2944
2968
2974
2978
2981
2987
2999
3017
3035
3039
3054
3068
3086
3108
3121
3131
3133
3138
3143
3147
3170
3176
3177
3181
3191
3195
3196
3203
3228
3238
3241
3244
3244
3277
3278
3302
3308
3309
3309
3313
3318
3320
3322
3323
3328
3329
3341
3347
3360
3364
3384
3384
3398
3433
3440
3448
3466
3474
3479
3484
3486
3488
3492
3500
3506
3515
3517
3540
3545
3556
3566
3575
3588
3588
3595
3602
3603
3607
3607
3608
3608
3609
3609
3612
3617
3623
3629
3630
3632
3635
3652
3655
3664
3667
3669
3683
3686
3690
3690
3695
3710
3720
3730
3736
3738
3767
3771
3777
3787
3799
3806
3818
3818
3819
3824
3825
3827
3863
3866
3870
3872
3891
3907
3907
3907
3924
3927
3928
3940
3941
3941
3947
3948
3965
3975
3984
3986
3987
4003
4004
4021
4024
4030
4047
4050
4060
4064
4068
4069
4080
4103
4108
4110
4111
4127
4131
4155
4168
4175
4180
4182
4207
4213
4221
4228
4249
4266
4267
4319
4324
4334
4335
4344
4352
4366
4381
4409
4421
4423
4424
4450
4453
4472
4472
4490
4492
4499
4503
4520
4522
4533
4567
4577
4582
4590
4593
4596
4599
4606
4611
4615
4623
4633
4669
4669
4679
4682
4693
4706
4708
4709
4710
4714
4718
4728
4740
4765
4766
4772
4773
4783
4802
4813
4818
4836
4839
4843
4847
4847
4857
4859
4861
4882
4883
4886
4888
4898
4900
4909
4921
4949
4952
4959
4965
4966
4968
4970
4983
4996
5006
5017
5021
5023
5071
5090
5093
5096
5100
5102
5113
5121
5129
5130
5141
5149
5149
5150
5159
5172
5182
5184
5197
5207
5239
5246
5247
5248
5269
5272
5277
5282
5282
5289
5304
5309
5316
5325
5331
5332
5357
5366
5372
5373
5379
5400
5416
5422
5428
5428
5429
5435
5436
5444
5446
5448
5449
5466
5475
5481
5484
5485
5493
5493
5507
5508
5519
5532
5532
5536
5549
5560
5612
5627
5642
5643
5649
5651
5652
5655
5661
5673
5685
5688
5689
5690
5697
5703
5704
5706
5714
5719
5720
5722
5732
5740
5740
5741
5741
5751
5758
5773
5786
5789
5806
5810
5843
5847
5848
5849
5849
5852
5855
5871
5875
5878
5882
5884
5887
5905
5907
5907
5918
5919
5938
5942
5945
5945
5953
5972
5973
5986
5989
5990
5996
5999
6010
6016
6022
6030
6045
6051
6064
6065
6066
6089
6094
6099
6113
6113
6114
6126
6131
6133
6145
6159
6164
6165
6167
6184
6208
6215
6228
6231
6252
6277
6288
6289
6290
6291
6293
6296
6301
6303
6306
6310
6320
6331
6331
6335
6370
6378
6391
6407
6409
6428
6436
6443
6444
6445
6461
6489
6492
6496
6498
6508
6512
6525
6526
6541
6543
6546
6548
6567
6572
6577
6581
6587
6591
6603
6605
6615
6619
6625
6641
6643
6645
6650
6657
6658
6659
6670
6672
6678
6690
6692
6693
6696
6705
6721
6727
6740
6747
6748
6750
6751
6752
6753
6761
6762
6774
6775
6775
6780
6800
6802
6814
6820
6825
6832
6835
6841
6867
6869
6871
6879
6888
6890
6903
6904
6904
6909
6912
6920
6926
6950
6955
6979
6993
7005
7015
7030
7033
7034
7035
7035
7043
7055
7056
7070
7096
7103
7118
7138
7145
7148
7166
7170
7170
7188
7191
7194
7197
7203
7204
7204
7204
7214
7219
7221
7223
7233
7236
7238
7240
7246
7255
7257
7263
7268
7277
7288
7289
7293
7299
7300
7300
7320
7352
7365
7384
7386
7392
7394
7399
7405
7406
7409
7428
7437
7459
7465
7469
7477
7491
7500
7528
7549
7549
7551
7554
7555
7561
7566
7570
7574
7574
7574
7575
7576
7588
7595
7621
7625
7627
7655
7655
7660
7674
7674
7676
7713
7715
7729
7729
7736
7760
7788
7792
7793
7800
7808
7809
7812
7821
7824
7829
7830
7850
7852
7856
7856
7857
7857
7860
7869
7877
7887
7891
7931
7935
7955
7961
7984
7990
8001
8008
8013
8031
8036
8036
8038
8050
8075
8079
8094
8107
8116
8120
8122
8124
8125
8156
8158
8172
8179
8181
8181
8192
8194
8200
8205
8207
8211
8214
8221
8221
8226
8236
8240
8255
8269
8272
8285
8286
8286
8313
8313
8335
8336
8353
8357
8358
8366
8367
8386
8388
8398
8399
8407
8410
8411
8414
8416
8436
8438
8438
8442
8457
8466
8471
8472
8476
8491
8497
8498
8507
8521
8523
8525
8527
8531
8532
8533
8550
8552
8552
8569
8583
8612
8631
8635
8680
8685
8693
8695
8705
8725
8735
8744
8761
8764
8790
8792
8800
8811
8819
8849
8869
8876
8878
8882
8884
8885
8906
8910
8913
8914
8916
8921
8928
8930
8936
8950
8964
8969
8993
9003
9007
9017
9021
9021
9022
9042
9047
9058
9058
9061
9062
9064
9078
9082
9085
9107
9117
9121
9127
9140
9155
9157
9162
9166
9167
9169
9182
9189
9190
9192
9200
9232
9263
9276
9290
9300
9302
9305
9309
9309
9315
9318
9320
9321
9326
9328
9328
9335
9346
9349
9358
9382
9389
9395
9404
9407
9409
9411
9415
9418
9424
9426
9430
9436
9444
9459
9471
9475
9480
9483
9492
9492
9502
9502
9515
9518
9529
9543
9549
9551
9553
9574
9575
9575
9595
9602
9608
9617
9622
9626
9629
9641
9647
9648
9652
9656
9659
9662
9664
9674
9688
9720
9725
9726
9731
9732
9740
9741
9742
9742
9744
9757
9758
9790
9806
9808
9813
9816
9827
9832
9838
9845
9848
9850
9850
9854
9855
9873
9874
9876
9878
9886
9894
9901
9909
9930
9935
9956
9973
9980
9994
10008
10009
10011
10016
10024
10038
10042
10048
10054
10062
10063
10065
10070
10070
10078
10081
10089
10130
10140
10151
10161
10161
10177
10180
10180
10180
10190
10198
10203
10209
10211
10226
10231
10247
10248
10250
10271
10275
10281
10294
10304
10320
10330
10338
10352
10353
10360
10372
10377
10409
10425
10428
10435
10437
10444
10450
10463
10470
10482
10502
10502
10521
10529
10544
10545
10546
10550
10558
10569
10574
10574
10586
10597
10599
10606
10608
10620
10621
10625
10637
10644
10653
10665
10667
10682
10689
10689
10695
10706
10709
10712
10733
10739
10766
10772
10782
10791
10792
10801
10806
10815
10817
10823
10826
10838
10839
10843
10848
10857
10869
10874
10881
10884
10903
10908
10910
10916
10923
10925
10941
10948
10951
10969
10974
10978
10981
10985
11000
11014
11014
11023
11039
11048
11048
11055
11061
11064
11071
11074
11076
11083
11090
11119
11123
11135
11136
11143
11147
11155
11160
11172
11179
11183
11197
11202
11202
11208
11211
11219
11245
11258
11264
11270
11276
11277
11279
11285
11291
11306
11308
11320
11350
11358
11366
11375
11408
11410
11436
11437
11460
11464
11480
11493
11507
11521
11521
11536
11557
11571
11579
11584
11588
11594
11597
11598
11605
11607
11617
11626
11635
11639
11647
11648
11669
11669
11680
11686
11693
11695
11695
11700
11704
11706
11713
11720
11726
11737
11754
11755
11756
11758
11779
11781
11783
11803
11804
11823
11854
11856
11859
11860
11871
11883
11904
11909
11921
11924
11930
11933
11933
11940
11941
11943
11944
11956
11957
11964
11971
11989
12001
12012
12029
12044
12049
12050
12054
12067
12067
12080
12083
12095
12099
12111
12114
12114
12115
12117
12118
12123
12127
12141
12149
12165
12173
12173
12191
12197
12204
12241
12244
12267
12269
12270
12273
12317
12321
12324
12332
12344
12351
12354
12358
12360
12367
12373
12382
12384
12397
12404
12412
12417
12425
12427
12428
12430
12433
12433
12433
12436
12467
12474
12475
12490
12507
12508
12525
12529
12530
12532
12542
12543
12548
12552
12560
12565
12576
12577
12591
12600
12608
12612
12614
12615
12621
12623
12645
12649
12649
12651
12656
12680
12697
12701
12710
12721
12732
12741
12752
12776
12777
12785
12793
12795
12806
12807
12809
12814
12826
12827
12844
12856
12893
12905
12910
12916
12921
12928
12930
12934
12941
12961
12970
12970
12998
13005
13005
13028
13029
13055
13060
13061
13069
13076
13082
13095
13134
13135
13144
13153
13156
13171
13172
13199
13200
13209
13210
13223
13226
13232
13242
13250
13252
13259
13266
13281
13294
13294
13295
13301
13310
13312
13318
13335
13337
13346
13347
13359
13360
13364
13373
13375
13400
13410
13415
13432
13440
13446
13457
13467
13473
13500
13506
13508
13511
13526
13531
13540
13546
13550
13556
13558
13567
13572
13582
13584
13588
13604
13605
13606
13613
13622
13647
13650
13652
13656
13657
13658
13666
13675
13692
13697
13707
13712
13716
13722
13735
13742
13742
13773
13773
13784
13786
13786
13800
13801
13822
13828
13831
13834
13835
13841
13856
13858
13861
13872
13873
13873
13876
13880
13881
13919
13921
13921
13994
14005
14013
14035
14039
14054
14060
14068
14075
14078
14087
14090
14093
14102
14102
14118
14125
14129
14132
14137
14139
14143
14147
14147
14165
14188
14193
14202
14204
14211
14211
14224
14227
14228
14242
14246
14249
14255
14265
14300
14305
14322
14328
14366
14377
14403
14406
14414
14418
14430
14439
14449
14450
14459
14459
14463
14484
14491
14491
14492
14500
14501
14518
14525
14527
14529
14543
14553
14556
14558
14585
14589
14597
14599
14605
14605
14609
14615
14615
14620
14626
14628
14629
14637
14639
14640
14642
14667
14673
14675
14692
14704
14710
14714
14715
14726
14729
14729
14741
14761
14768
14780
14782
14796
14819
14838
14840
14844
14844
14849
14859
14879
14892
14913
14914
14915
14918
14918
14929
14931
14938
14964
14975
14981
14982
14983
15008
15008
15023
15029
15040
15051
15056
15076
15081
15084
15084
15085
15095
15104
15105
15119
15122
15125
15133
15139
15148
15151
15155
15156
15161
15172
15179
15187
15216
15218
15221
15222
15261
15262
15270
15294
15295
15309
15312
15314
15327
15348
15352
15358
15361
15368
15369
15369
15395
15411
15418
15421
15422
15428
15450
15453
15458
15461
15475
15486
15501
15510
15523
15529
15546
15551
15559
15570
15572
15579
15597
15608
15622
15623
15629
15631
15635
15643
15654
15681
15685
15688
15694
15711
15721
15738
15759
15792
15794
15805
15825
15830
15834
15848
15867
15870
15884
15886
15908
15920
15926
15932
15936
15942
15947
15948
15951
15953
15959
15969
15976
15987
15988
15996
16001
16004
16007
16016
16026
16031
16033
16037
16040
16040
16045
16058
16066
16078
16083
16088
16098
16101
16103
16104
16113
16119
16123
16126
16136
16142
16152
16168
16172
16173
16182
16192
16195
16196
16198
16199
16200
16207
16213
16223
16229
16243
16249
16249
16255
16265
16278
16280
16283
16300
16302
16312
16322
16323
16324
16327
16335
16337
16353
16394
16396
16418
16433
16440
16441
16468
16481
16484
16487
16490
16493
16507
16540
16555
16566
16577
16589
16614
16628
16654
16666
16674
16696
16705
16710
16714
16731
16746
16756
16760
16765
16782
16783
16787
16799
16799
16808
16811
16824
16826
16841
16846
16853
16874
16891
16903
16915
16921
16934
16942
16942
16971
16978
16985
16989
16991
16993
16996
16996
17006
17011
17029
17041
17049
17056
17071
17079
17081
17086
17108
17116
17117
17121
17129
17133
17145
17145
17146
17153
17169
17174
17175
17203
17209
17215
17229
17230
17242
17246
17254
17254
17256
17258
17259
17264
17267
17282
17289
17308
17323
17327
17338
17340
17353
17354
17363
17363
17391
17393
17393
17394
17394
17418
17420
17424
17425
17427
17444
17453
17472
17475
17483
17492
17495
17499
17502
17506
17514
17535
17541
17552
17564
17573
17578
17585
17594
17606
17613
17613
17617
17625
17638
17640
17660
17684
17698
17707
17716
17726
17733
17739
17744
17744
17761
17763
17772
17776
17780
17782
17788
17788
17790
17794
17796
17799
17812
17816
17817
17821
17831
17832
17846
17848
17878
17886
17893
17901
17907
17915
17916
17923
17929
17935
17935
17937
17938
17962
17966
17971
17975
17986
17988
17994
18002
18007
18020
18034
18045
18045
18060
18063
18065
18065
18087
18093
18117
18123
18142
18152
18166
18168
18169
18169
18173
18175
18176
18193
18206
18209
18210
18215
18229
18231
18244
18247
18270
18272
18281
18281
18285
18307
18312
18329
18343
18344
18345
18356
18367
18375
18402
18422
18423
18423
18426
18426
18427
18430
18432
18444
18447
18451
18454
18462
18481
18486
18487
18492
18496
18496
18503
18518
18525
18528
18530
18530
18532
18543
18556
18560
18565
18570
18573
18580
18584
18611
18618
18625
18634
18635
18643
18654
18674
18729
18744
18751
18755
18755
18760
18772
18773
18778
18782
18787
18795
18798
18832
18845
18850
18861
18893
18907
18934
18935
18936
18942
18942
18948
18948
18977
18982
18987
18988
19000
19010
19010
19019
19030
19031
19031
19052
19060
19065
19067
19077
19087
19089
19094
19109
19115
19119
19120
19124
19137
19159
19159
19172
19172
19179
19183
19186
19187
19194
19194
19195
19199
19208
19215
19217
19219
19236
19240
19245
19250
19250
19259
19263
19267
19268
19290
19296
19302
19303
19312
19321
19328
19330
19353
19371
19373
19379
19384
19390
19397
19398
19402
19402
19408
19415
19417
19427
19433
19435
19441
19453
19462
19466
19470
19488
19493
19500
19503
19508
19515
19515
19517
19526
19534
19535
19544
19544
19545
19551
19574
19574
19584
19586
19591
19614
19615
19643
19658
19670
19671
19682
19688
19692
19717
19754
19754
19761
19770
19778
19785
19801
19805
19806
19811
19815
19847
19849
19868
19890
19896
19901
19922
19925
19926
19927
19927
19933
19938
19947
19954
19959
19973
19981
19987
19989
20004
20007
20016
20022
20025
20049
20072
20095
20098
20109
20109
20138
20139
20146
20181
20182
20186
20192
20192
20199
20199
20215
20227
20231
20233
20239
20252
20254
20268
20288
20310
20314
20317
20319
20320
20338
20343
20363
20364
20372
20383
20384
20403
20407
20409
20419
20432
20434
20440
20446
20469
20471
20482
20504
20507
20511
20536
20549
20566
20574
20584
20593
20602
20605
20607
20612
20624
20630
20635
20653
20657
20674
20708
20714
20714
20717
20722
20735
20752
20757
20762
20770
20771
20781
20786
20789
20793
20794
20799
20801
20805
20820
20822
20823
20832
20834
20852
20870
20872
20893
20904
20920
20950
20951
20954
20966
20971
20973
20983
20986
21005
21010
21028
21039
21047
21057
21079
21080
21081
21092
21099
21103
21116
21126
21136
21160
21162
21173
21173
21179
21181
21182
21191
21201
21206
21218
21239
21244
21259
21263
21267
21271
21307
21311
21312
21315
21317
21323
21330
21338
21346
21350
21388
21392
21397
21406
21412
21422
21438
21451
21464
21472
21488
21500
21510
21517
21517
21518
21523
21543
21572
21582
21583
21597
21605
21607
21609
21616
21616
21620
21626
21632
21634
21639
21647
21662
21664
21666
21677
21679
21685
21689
21705
21724
21737
21741
21745
21755
21763
21786
21798
21806
21807
21810
21830
21830
21847
21848
21854
21859
21878
21918
21922
21923
21926
21946
21949
21950
21962
21975
21975
21978
21986
21992
22000
22005
22014
22033
22035
22035
22036
22037
22055
22056
22069
22070
22097
22105
22112
22118
22128
22152
22161
22171
22177
22180
22182
22194
22197
22198
22203
22205
22211
22227
22258
22262
22268
22271
22271
22280
22287
22289
22294
22306
22307
22317
22319
22355
22368
22371
22373
22376
22386
22387
22388
22391
22424
22429
22429
22433
22443
22445
22450
22459
22465
22490
22497
22501
22502
22509
22510
22510
22512
22533
22538
22539
22540
22547
22548
22551
22551
22559
22563
22563
22567
22573
22575
22595
22600
22607
22622
22625
22640
22648
22650
22650
22653
22663
22717
22732
22735
22757
22777
22779
22780
22791
22797
22804
22808
22809
22814
22823
22823
22823
22824
22841
22847
22851
22857
22861
22876
22884
22902
22916
22918
22935
22955
22960
22969
22973
22990
22995
22997
23015
23023
23025
23042
23049
23051
23053
23060
23067
23096
23099
23105
23110
23145
23150
23154
23161
23177
23190
23203
23212
23227
23232
23233
23236
23256
23261
23261
23270
23274
23277
23281
23285
23313
23321
23325
23332
23333
23341
23366
23373
23379
23380
23389
23394
23400
23400
23401
23408
23415
23418
23432
23444
23449
23458
23461
23463
23463
23463
23471
23501
23527
23541
23547
23551
23555
23557
23560
23583
23590
23617
23617
23640
23645
23649
23652
23656
23661
23666
23677
23678
23682
23685
23689
23701
23712
23739
23740
23750
23757
23764
23778
23790
23800
23822
23832
23847
23865
23870
23873
23875
23878
23880
23882
23891
23891
23892
23898
23914
23920
23927
23928
23931
23940
23941
23944
23962
23973
23974
23978
23985
23989
24022
24041
24056
24068
24070
24086
24088
24093
24105
24107
24115
24120
24132
24142
24144
24144
24146
24152
24167
24168
24170
24176
24183
24187
24194
24206
24208
24209
24210
24218
24220
24238
24238
24241
24246
24248
24251
24254
24266
24270
24277
24291
24295
24306
24324
24327
24329
24330
24336
24338
24345
24351
24354
24363
24372
24372
24377
24395
24398
24398
24399
24405
24418
24431
24431
24433
24434
24444
24459
24461
24469
24491
24491
24492
24502
24512
24512
24519
24520
24521
24522
24545
24546
24551
24556
24602
24612
24618
24641
24647
24652
24655
24657
24658
24665
24674
24680
24684
24693
24720
24729
24730
24731
24732
24753
24762
24780
24793
24798
24798
24811
24819
24821
24828
24828
24836
24846
24847
24856
24872
24878
24879
24880
24882
24885
24892
24892
24893
24894
24901
24902
24914
24914
24915
24916
24927
24929
24934
24939
24947
24984
24989
24993
24998
24999
25005
25012
25029
25038
25041
25055
25058
25073
25084
25089
25091
25092
25094
25108
25109
25110
25115
25122
25132
25135
25146
25149
25175
25187
25192
25199
25204
25206
25207
25210
25212
25216
25230
25239
25247
25256
25269
25320
25343
25343
25356
25361
25376
25378
25387
25389
25391
25418
25424
25430
25431
25436
25450
25457
25461
25467
25473
25484
25486
25499
25516
25521
25545
25545
25563
25606
25608
25616
25619
25627
25634
25637
25653
25670
25674
25683
25689
25691
25691
25692
25699
25716
25720
25723
25758
25780
25798
25800
25829
25831
25834
25840
25840
25845
25846
25856
25864
25881
25888
25890
25891
25895
25906
25912
25931
25933
25936
25966
25976
25999
26014
26026
26030
26032
26038
26039
26056
26080
26081
26098
26104
26108
26118
26120
26125
26128
26129
26131
26131
26134
26146
26150
26174
26176
26177
26179
26194
26197
26199
26201
26207
26213
26216
26227
26232
26234
26234
26259
26265
26281
26285
26292
26302
26314
26317
26346
26347
26365
26369
26399
26417
26425
26428
26436
26441
26458
26471
26474
26478
26478
26489
26516
26525
26536
26540
26541
26542
26543
26551
26554
26558
26562
26562
26567
26568
26601
26607
26611
26616
26632
26636
26641
26647
26657
26662
26688
26698
26701
26716
26716
26719
26723
26725
26726
26727
26752
26761
26771
26774
26774
26779
26783
26784
26785
26792
26802
26807
26810
26820
26834
26840
26842
26870
26875
26900
26906
26906
26909
26912
26921
26923
26925
26925
26937
26944
26953
26954
26958
26964
26971
26975
26975
26975
26985
26996
26999
27003
27009
27013
27022
27025
27030
27033
27052
27057
27059
27060
27063
27068
27071
27078
27091
27115
27120
27141
27143
27159
27159
27170
27188
27193
27206
27212
27214
27219
27221
27227
27243
27271
27276
27284
27299
27307
27319
27338
27344
27344
27345
27350
27368
27405
27410
27414
27433
27438
27447
27450
27453
27461
27464
27466
27478
27482
27483
27491
27499
27508
27526
27552
27559
27560
27576
27602
27602
27619
27620
27621
27633
27648
27651
27692
27696
27710
27730
27731
27741
27744
27746
27754
27770
27773
27776
27781
27785
27798
27803
27803
27806
27811
27823
27827
27840
27842
27846
27848
27854
27866
27868
27874
27890
27905
27906
27908
27908
27940
27945
27946
27949
27960
27965
27975
27977
27980
27990
27994
28009
28014
28015
28017
28049
28049
28080
28085
28093
28093
28114
28118
28129
28150
28154
28160
28165
28177
28177
28201
28210
28232
28234
28249
28249
28265
28274
28289
28293
28307
28309
28315
28316
28317
28319
28325
28335
28336
28347
28359
28362
28364
28387
28396
28398
28400
28407
28412
28413
28413
28434
28440
28448
28448
28452
28457
28459
28459
28469
28490
28500
28504
28551
28552
28558
28567
28572
28579
28590
28600
28606
28628
28629
28644
28644
28645
28648
28651
28679
28693
28695
28697
28711
28717
28724
28730
28730
28734
28735
28754
28761
28780
28787
28789
28789
28819
28822
28830
28830
28834
28846
28880
28893
28904
28909
28911
28917
28929
28940
28951
28984
29000
29003
29007
29020
29030
29036
29039
29042
29044
29053
29058
29059
29060
29061
29065
29070
29070
29077
29101
29122
29122
29125
29132
29143
29174
29182
29197
29217
29221
29229
29250
29267
29284
29314
29330
29333
29343
29344
29351
29366
29376
29377
29395
29398
29400
29412
29415
29423
29441
29455
29456
29457
29485
29489
29497
29515
29517
29557
29561
29569
29580
29585
29586
29602
29609
29615
29615
29633
29644
29647
29656
29676
29682
29712
29717
29726
29750
29751
29753
29764
29765
29772
29789
29803
29819
29826
29834
29866
29883
29884
29894
29898
29901
29905
29912
29918
29956
29975
29977
29979
29982
29984
29985
29989
29992
30016
30020
30033
30041
30044
30059
30059
30062
30065
30066
30074
30078
30079
30080
30084
30091
30092
30102
30103
30111
30127
30150
30162
30162
30171
30186
30190
30194
30205
30208
30212
30215
30227
30232
30232
30235
30243
30254
30259
30265
30284
30285
30309
30314
30323
30340
30346
30347
30354
30395
30400
30412
30415
30416
30419
30424
30431
30432
30433
30435
30441
30448
30452
30468
30473
30476
30489
30505
30508
30508
30508
30512
30520
30524
30526
30527
30528
30536
30564
30567
30570
30583
30586
30615
30616
30624
30624
30633
30642
30655
30656
30663
30667
30671
30687
30710
30748
30757
30758
30773
30777
30789
30790
30809
30816
30835
30836
30847
30872
30891
30894
30895
30899
30905
30908
30919
30926
30927
30938
30939
30943
30945
30951
30957
30973
30977
30987
30988
30995
30999
31005
31014
31020
31032
31040
31049
31050
31058
31059
31069
31072
31072
31082
31089
31113
31118
31129
31135
31142
31143
31158
31158
31169
31171
31173
31220
31223
31226
31226
31227
31246
31249
31252
31254
31266
31267
31270
31272
31281
31286
31291
31299
31319
31322
31334
31335
31339
31346
31353
31371
31373
31374
31387
31403
31407
31422
31424
31431
31434
31441
31455
31461
31461
31463
31464
31471
31472
31475
31477
31480
31485
31498
31506
31521
31527
31542
31548
31550
31556
31556
31564
31577
31605
31623
31624
31626
31627
31627
31627
31627
31632
31638
31640
31640
31643
31657
31678
31686
31691
31696
31704
31711
31713
31732
31732
31742
31742
31751
31758
31763
31765
31771
31783
31800
31802
31806
31813
31819
31835
31841
31844
31846
31856
31857
31857
31858
31858
31860
31861
31871
31872
31873
31881
31883
31894
31901
31905
31913
31920
31929
31933
31937
31946
31947
31950
31959
31964
31965
31979
31983
31986
31988
32007
32012
32024
32033
32046
32086
32105
32106
32115
32120
32126
32129
32132
32135
32150
32155
32161
32161
32174
32181
32200
32200
32209
32212
32212
32214
32222
32226
32245
32248
32254
32259
32271
32276
32283
32287
32292
32308
32315
32319
32328
32330
32346
32351
32352
32362
32364
32368
32380
32386
32391
32405
32406
32407
32437
32440
32442
32465
32466
32466
32466
32470
32473
32484
32492
32504
32528
32536
32538
32551
32552
32555
32562
32566
32570
32585
32597
32599
32609
32613
32615
32618
32632
32633
32633
32641
32646
32648
32655
32664
32667
32672
32680
32683
32707
32714
32716
32730
32736
32745
32763
