0 89 19
0 104 8
0 75 9
0 90 18
0 115 13
0 21 12
0 75 4
0 21 4
0 14 13
0 54 7
0 31 20
0 7 4
0 104 11
0 90 6
0 51 17
0 41 14
0 86 5
0 14 10
0 71 13
0 60 15
0 40 2
0 70 5
0 127 1
0 112 11
0 74 14
0 84 15
0 93 2
0 9 16
0 72 19
0 67 19
0 61 19
0 13 17
0 29 12
0 56 12
0 55 6
0 15 14
0 85 11
1 107 11
1 95 2
1 10 20
1 116 11
1 48 19
1 75 3
1 84 14
1 115 12
1 19 5
1 14 16
1 47 15
1 28 3
1 19 6
1 112 2
1 36 11
1 9 14
1 75 5
1 112 20
1 108 14
1 30 17
1 9 15
1 25 15
1 81 14
1 119 16
1 69 16
1 36 7
1 101 11
1 86 16
1 4 18
1 110 14
1 127 9
1 26 17
1 22 7
1 3 11
1 70 2
1 7 7
1 23 8
1 59 2
1 118 9
1 67 5
1 62 13
1 14 4
1 78 7
1 9 19
1 47 2
1 91 6
1 23 9
1 28 2
1 99 18
1 81 8
1 4 2
1 121 4
1 67 2
1 66 17
1 93 15
1 81 4
1 65 18
1 26 19
1 34 8
1 91 8
1 36 18
1 4 6
1 4 9
1 57 12
1 31 11
1 121 5
1 79 2
1 40 19
1 77 3
1 30 10
1 100 5
1 88 11
1 14 5
1 58 15
1 127 9
1 114 20
1 119 6
1 27 14
1 113 2
1 94 3
1 51 12
1 97 11
1 98 7
1 122 2
1 90 3
1 103 16
1 98 13
1 22 15
1 26 7
1 119 10
1 27 2
1 31 9
1 127 8
1 63 20
1 24 8
1 32 10
1 79 15
1 117 3
1 42 5
1 57 15
1 64 20
1 27 6
1 34 13
1 82 1
1 108 19
1 97 1
2 113 1
2 20 15
2 86 11
2 26 5
2 112 4
2 114 2
2 89 6
2 111 6
2 5 5
2 38 17
2 124 7
2 119 5
2 122 6
2 55 18
2 63 19
2 39 3
2 71 12
2 41 8
2 65 19
2 106 13
2 61 17
2 98 6
2 21 19
2 48 10
2 10 10
2 79 3
2 11 1
2 118 8
2 87 9
2 110 2
2 2 11
3 70 17
3 6 7
3 111 9
3 28 18
3 15 12
3 38 4
3 57 11
3 7 20
3 29 1
3 8 3
3 103 12
3 56 11
3 34 4
3 53 1
3 108 3
3 59 20
3 82 19
3 86 18
3 109 2
3 80 7
3 122 14
3 88 15
3 27 6
3 47 18
3 8 3
3 60 17
3 18 16
3 27 15
3 89 3
3 86 1
3 15 2
3 22 4
3 10 13
3 85 9
3 103 9
3 97 17
3 58 7
3 85 11
3 11 20
3 91 5
3 79 9
3 75 3
3 88 10
3 68 5
3 123 7
3 107 6
3 77 18
3 112 5
3 126 1
3 20 6
3 53 7
3 15 9
3 48 19
3 51 2
3 90 14
3 124 18
3 110 14
3 39 5
3 83 18
3 11 7
3 52 12
3 72 7
3 66 2
3 41 15
3 58 14
3 90 16
4 115 15
4 84 19
4 88 9
4 127 15
4 109 7
4 33 13
4 50 6
4 101 13
4 111 18
4 86 13
4 30 12
4 94 12
4 78 13
4 26 8
4 123 13
4 111 2
4 91 16
4 32 14
4 13 13
4 101 7
4 119 14
4 18 20
4 52 3
4 122 5
4 119 17
4 109 4
4 76 15
4 76 4
4 40 13
4 97 2
4 95 5
4 81 8
4 10 8
4 27 7
4 7 18
4 52 7
4 67 3
4 97 19
4 52 19
4 99 1
4 73 20
4 120 17
4 23 15
4 99 18
4 124 6
4 93 18
4 50 13
4 81 2
4 91 14
4 85 10
4 100 19
4 4 16
4 55 7
4 54 10
4 118 7
4 112 16
4 80 10
4 90 7
4 91 6
4 119 15
4 78 12
4 121 4
4 17 20
4 79 6
4 82 12
4 31 4
4 93 12
4 87 7
4 103 10
4 65 9
4 127 4
4 112 9
4 72 10
4 22 13
4 62 16
4 59 7
4 40 4
4 51 11
4 44 11
4 42 16
4 127 15
4 83 12
4 95 8
4 89 3
4 117 17
4 100 16
4 90 9
4 96 4
4 16 12
4 66 18
4 108 6
4 89 1
4 66 8
4 113 14
4 117 7
4 91 19
4 124 13
4 55 6
4 93 2
4 85 4
4 92 8
4 50 9
4 126 8
5 6 12
5 49 18
5 78 16
5 100 20
5 70 17
5 91 11
5 71 14
5 52 2
5 35 2
5 87 1
5 78 6
5 33 19
5 60 4
5 120 17
5 11 18
5 55 4
5 10 19
5 5 3
5 82 13
5 102 10
5 117 5
5 115 4
5 111 14
5 64 20
5 121 4
5 45 13
5 80 16
5 97 14
5 117 16
5 103 9
5 47 7
5 115 17
5 107 20
5 96 11
5 16 1
5 93 16
5 7 16
5 113 8
5 127 1
5 42 7
5 105 20
5 22 13
5 29 7
5 15 3
5 96 5
5 118 14
5 89 9
5 99 9
5 26 7
5 27 5
5 39 16
5 94 15
5 13 6
5 25 14
5 109 20
5 12 9
5 65 3
5 53 9
5 31 4
5 113 3
5 107 14
5 18 3
5 81 18
5 28 10
5 116 17
5 111 12
5 21 1
5 13 12
5 30 20
6 127 19
6 105 12
6 69 7
6 6 4
6 83 6
6 88 2
6 39 5
6 8 17
6 32 8
6 41 20
6 9 1
6 110 13
6 49 14
6 10 8
6 80 13
6 112 13
6 117 10
6 80 6
6 11 16
6 46 3
6 63 13
7 80 9
7 117 2
7 62 1
7 35 13
7 110 5
7 102 15
7 97 20
7 60 8
7 47 10
7 14 14
7 50 12
7 15 14
7 19 15
7 85 5
7 71 18
7 72 7
7 101 1
7 84 11
7 61 3
7 124 4
7 40 2
7 39 6
7 22 14
7 44 10
7 20 18
7 116 2
7 36 9
7 104 14
7 52 20
7 78 3
7 81 7
7 44 20
7 76 7
7 54 16
7 96 3
7 62 8
7 111 14
7 60 16
7 113 5
7 101 11
7 29 18
7 94 19
7 62 19
7 127 3
7 96 5
7 64 14
7 126 19
7 105 18
7 19 5
7 43 9
7 21 17
7 79 12
7 97 18
7 121 8
7 98 17
7 41 9
7 91 9
7 34 7
7 88 14
7 119 11
7 46 18
7 127 7
7 94 11
7 79 10
7 8 9
7 123 12
7 85 17
7 61 10
7 72 2
7 14 3
7 12 13
7 88 11
7 120 7
7 102 3
7 125 18
7 36 11
7 106 13
7 30 17
7 57 17
7 21 1
7 48 5
7 63 9
7 16 1
7 120 14
7 126 10
7 36 19
7 125 7
7 85 16
7 124 4
7 52 3
7 12 13
7 44 6
7 56 4
7 104 11
7 50 6
7 47 19
7 91 1
7 48 11
7 95 6
7 115 13
7 86 20
7 11 5
7 35 6
7 29 2
7 87 14
7 118 13
7 120 20
7 103 15
7 30 19
7 42 8
7 63 13
7 46 10
7 45 17
7 102 9
7 88 7
7 33 2
7 55 10
7 93 11
8 87 4
8 11 11
8 69 3
8 88 5
8 81 13
8 85 1
8 20 19
8 93 12
8 94 14
8 83 4
8 58 16
8 21 19
8 71 12
8 100 4
8 100 18
8 82 15
8 105 7
8 96 5
8 95 11
8 96 7
8 70 9
8 107 14
8 107 17
8 82 9
8 100 14
8 51 20
8 113 9
8 54 18
8 107 17
8 44 5
8 85 7
8 53 18
8 80 10
8 82 4
8 27 8
8 110 11
8 30 17
8 57 15
8 28 14
8 22 11
8 121 20
8 121 6
8 43 10
8 53 4
8 123 3
8 107 17
8 61 20
8 84 9
8 24 2
8 80 16
8 92 1
8 10 15
8 46 2
8 50 19
8 90 6
8 17 17
8 106 11
8 104 7
8 56 16
8 53 20
8 13 5
8 12 7
8 96 5
8 89 20
8 57 2
8 27 11
8 86 1
8 16 17
8 115 5
8 26 11
8 13 16
8 52 20
8 17 20
8 63 1
8 99 10
8 8 1
8 106 12
8 86 12
8 33 19
8 66 10
8 19 7
8 88 11
8 36 12
8 28 7
8 99 18
8 83 10
8 117 1
8 43 19
8 86 16
8 54 15
8 103 18
8 8 11
8 115 19
8 42 19
8 108 2
8 116 9
8 76 10
8 59 5
8 73 16
8 106 2
9 54 12
9 47 2
9 69 20
9 127 10
9 20 3
10 14 1
10 31 2
10 59 14
10 54 2
10 67 3
10 28 14
10 82 15
10 116 6
10 82 7
10 35 1
10 47 3
10 20 6
10 81 6
10 126 8
10 82 16
10 38 8
10 110 20
10 11 1
10 60 3
10 25 12
11 127 12
11 23 17
11 76 2
11 115 2
11 44 17
11 62 16
11 32 15
11 96 7
11 48 2
11 89 13
11 114 16
11 107 5
11 16 6
11 17 9
11 79 12
11 60 1
11 33 2
11 19 17
11 110 6
11 111 8
11 77 1
11 70 17
11 61 17
11 88 12
11 85 16
11 90 1
11 96 4
11 117 6
11 36 8
11 102 18
11 43 1
11 103 19
11 39 1
11 44 8
11 83 18
11 83 3
11 84 1
11 108 19
11 16 3
11 57 15
11 76 11
11 59 3
11 81 2
11 40 3
11 39 12
11 27 6
11 55 3
11 122 6
11 13 3
11 51 12
11 102 11
11 103 18
11 126 4
11 91 1
11 55 5
11 114 3
11 90 10
11 70 6
11 41 12
11 19 13
11 106 1
11 77 12
11 25 1
11 95 12
11 77 3
11 20 9
11 125 8
11 103 19
11 52 8
11 94 3
11 18 9
11 19 17
11 17 9
11 93 18
11 127 19
12 26 19
12 34 18
12 101 16
12 75 16
12 64 10
12 19 10
12 57 6
12 17 14
12 112 3
12 100 2
12 85 16
12 73 3
12 89 16
12 74 15
12 28 20
12 58 7
12 48 20
12 15 5
12 114 10
12 92 14
12 25 12
12 24 13
12 72 7
12 40 5
12 91 17
12 79 11
12 84 8
12 106 19
12 61 17
12 39 13
12 77 6
12 59 14
12 15 19
12 26 15
12 40 11
12 100 14
12 99 7
12 73 5
12 35 11
12 79 10
12 52 15
12 36 11
12 76 2
12 127 13
12 18 1
12 121 13
12 111 20
12 40 9
12 119 9
12 102 16
12 70 20
12 19 8
12 77 8
12 74 7
12 37 9
12 30 15
12 120 14
12 33 7
12 102 10
13 108 10
13 42 9
13 60 16
13 50 16
13 120 14
13 37 3
13 106 9
13 67 14
13 88 20
13 16 2
13 44 14
13 122 8
13 110 17
13 73 11
13 50 4
13 55 13
13 35 9
13 71 5
13 27 10
13 89 13
13 111 1
13 72 2
13 71 14
13 123 7
13 27 1
13 85 16
13 44 8
13 29 13
13 25 13
13 44 1
13 120 1
13 116 2
13 114 1
13 27 8
13 26 20
13 120 17
13 104 13
13 87 9
13 125 18
13 78 12
13 66 19
13 20 12
13 51 15
13 25 20
13 37 8
13 124 8
13 117 19
13 37 5
13 91 19
13 48 2
13 115 17
13 79 4
14 84 16
14 58 15
14 105 14
14 88 1
14 115 11
14 30 16
14 111 6
14 35 7
14 14 3
14 121 19
14 38 7
14 63 12
14 68 5
14 58 5
14 112 16
14 32 18
14 105 4
14 111 9
14 27 4
14 123 17
14 114 7
14 62 6
14 28 8
14 124 3
14 66 3
14 86 12
14 48 19
14 105 12
14 76 3
14 108 13
14 24 9
14 107 20
14 74 10
14 34 18
14 45 20
14 125 3
14 46 1
14 37 20
14 36 18
14 28 7
14 22 7
14 58 18
14 88 7
14 68 13
14 41 10
14 123 5
14 88 8
14 43 13
14 102 9
14 49 11
14 108 7
14 53 19
14 64 10
14 24 14
15 27 8
15 65 13
15 21 12
15 40 16
15 89 16
15 68 18
15 101 4
15 98 14
15 121 3
15 61 8
15 123 5
15 28 7
15 50 15
15 58 13
15 96 15
15 103 10
15 84 19
15 121 20
15 16 4
15 75 11
15 42 11
15 104 19
15 82 13
15 82 18
15 27 5
15 112 4
15 77 10
15 25 6
15 38 7
15 81 7
15 97 7
15 97 11
15 117 15
15 49 2
16 62 19
16 60 2
16 108 12
16 37 17
16 48 4
16 117 2
16 82 8
16 79 10
16 59 4
16 40 17
16 35 15
16 85 15
16 117 7
16 105 8
16 100 20
16 70 5
16 96 11
16 120 19
16 114 18
16 73 15
16 102 2
16 126 7
16 72 5
16 40 10
16 53 3
16 117 9
16 38 13
16 82 17
16 91 3
16 111 8
16 67 7
16 117 5
16 81 17
16 51 6
16 32 15
16 57 13
16 82 7
16 61 10
16 59 17
16 102 17
16 87 4
16 49 14
16 25 11
16 22 3
16 112 19
16 44 8
16 96 14
16 92 12
16 40 11
16 103 5
16 34 4
16 110 17
16 123 10
16 97 12
16 71 12
16 68 20
16 77 8
16 105 16
16 89 13
16 106 20
16 27 10
16 112 17
16 109 8
16 85 1
16 91 5
16 16 13
16 92 19
16 65 20
16 78 5
16 60 16
16 67 19
16 88 7
16 126 13
16 61 2
16 107 14
16 41 10
16 67 18
16 56 19
16 68 1
16 113 2
16 69 17
16 50 9
16 24 7
16 97 8
16 126 20
16 24 9
17 44 1
17 32 19
17 95 12
17 37 13
17 49 9
17 32 17
17 124 16
17 80 3
17 56 14
17 67 3
17 69 10
18 65 4
18 107 15
18 114 19
18 58 7
18 28 16
18 19 11
18 18 5
18 92 19
18 90 1
18 30 10
18 34 19
18 35 20
18 125 18
18 65 18
18 106 19
18 114 12
18 115 14
18 66 9
18 51 3
18 109 16
18 94 12
18 22 10
18 57 17
18 101 16
18 73 16
18 120 12
18 97 19
18 18 9
18 80 12
18 111 13
18 116 1
18 58 16
18 41 15
18 51 10
18 19 15
18 39 9
18 28 18
18 45 11
18 79 13
18 94 8
18 118 7
18 42 19
18 76 12
18 109 7
18 119 19
18 84 12
18 101 3
18 89 12
18 95 3
18 42 12
18 64 12
18 127 16
18 56 17
18 112 18
18 48 19
18 112 15
18 102 11
18 72 12
18 22 19
18 56 15
18 48 2
18 27 3
18 35 13
18 25 8
18 74 20
18 31 4
18 112 20
18 64 15
18 110 9
18 116 8
18 107 10
18 57 9
18 75 8
18 109 6
18 72 4
18 23 18
18 71 2
18 120 10
18 91 2
18 101 12
18 66 11
18 74 11
18 124 10
18 119 2
18 110 6
18 103 14
18 80 7
18 85 11
18 36 14
18 48 10
18 48 8
18 68 15
18 116 3
18 73 14
18 58 19
18 126 4
18 71 16
18 71 16
18 20 4
18 121 6
18 116 17
18 51 17
18 76 7
19 62 5
19 46 3
19 106 18
19 27 14
19 24 9
19 32 4
19 41 2
19 52 18
19 114 6
19 126 12
19 64 13
19 109 17
19 109 8
19 111 15
19 59 4
19 110 6
19 98 16
19 63 11
19 87 2
19 127 10
19 120 13
19 64 20
19 107 6
19 71 11
19 23 9
19 121 9
19 64 12
19 49 9
19 86 16
19 34 4
19 51 8
19 73 2
19 35 19
19 25 17
19 67 9
19 76 15
19 48 2
19 38 8
19 64 14
19 20 4
19 31 9
19 32 15
19 113 8
19 21 5
19 100 4
19 79 15
19 33 17
19 75 9
19 65 16
19 39 5
19 120 4
19 26 18
19 95 6
19 122 19
19 67 14
19 26 16
19 101 17
19 45 12
19 88 9
19 114 4
19 121 12
19 66 19
19 114 12
19 96 7
19 110 2
19 114 7
19 55 14
19 105 19
19 50 18
19 43 16
19 120 8
19 75 14
19 64 1
19 55 4
19 69 20
19 93 11
19 80 4
19 42 7
19 71 17
19 103 13
19 32 7
19 87 6
19 90 15
19 101 12
19 22 14
19 46 6
19 53 16
19 126 8
19 107 12
19 65 13
19 112 10
19 115 19
19 29 18
19 59 2
19 81 6
20 101 19
20 64 14
20 27 1
20 92 4
20 92 8
20 46 18
20 53 8
20 126 18
20 103 19
20 70 4
20 26 17
20 106 17
20 125 8
20 100 16
20 77 4
20 124 14
20 56 15
20 105 18
20 123 13
20 121 15
20 55 9
20 119 16
20 32 5
20 118 17
20 32 19
20 93 19
20 75 3
20 72 13
20 79 16
20 44 1
20 96 12
20 25 15
20 91 20
20 84 14
20 108 18
20 96 15
20 122 6
21 119 19
21 124 14
21 39 7
21 110 10
21 71 17
21 34 16
21 52 1
21 43 19
21 64 5
21 120 3
21 79 13
21 21 10
21 35 11
21 79 20
21 94 11
21 112 5
21 99 7
21 31 14
21 110 5
21 72 6
21 90 5
21 101 11
21 120 17
21 38 6
21 30 1
21 122 6
21 115 14
21 78 12
21 35 14
21 76 11
21 106 9
21 126 18
21 54 12
21 25 20
21 89 20
21 54 8
21 69 11
21 28 1
21 22 17
21 65 3
21 110 13
21 108 19
21 98 2
21 26 20
21 57 17
21 50 14
21 69 13
21 83 16
21 36 12
21 85 13
21 37 20
21 29 9
21 113 14
21 28 19
21 83 1
21 73 1
21 99 7
21 80 12
21 113 9
21 104 10
21 40 10
21 46 13
21 81 14
21 109 10
21 105 2
21 100 19
21 58 10
21 66 7
21 25 20
21 82 9
21 66 5
21 66 15
21 63 15
21 105 10
21 50 20
22 61 3
22 113 4
22 101 11
22 44 2
22 64 11
22 126 7
22 109 1
22 45 8
22 74 17
22 27 8
22 96 11
22 124 14
22 55 18
22 55 6
22 90 18
22 75 6
22 111 13
22 107 8
22 32 8
22 37 5
22 45 16
22 36 4
22 81 5
22 69 5
22 97 5
22 41 20
22 107 15
23 68 10
23 62 10
23 24 6
23 43 1
23 88 17
23 88 13
23 86 17
23 49 13
23 123 5
23 51 19
23 71 17
23 58 11
23 67 14
23 51 6
23 31 3
23 29 3
23 39 19
23 60 20
23 83 10
23 25 20
23 88 8
23 72 16
23 77 5
23 82 5
23 115 20
23 74 11
23 113 10
23 35 19
23 49 19
23 58 3
23 99 10
23 31 1
23 103 5
23 60 12
23 109 9
23 24 18
23 34 10
23 96 2
23 28 18
23 93 15
23 50 11
23 112 14
23 81 6
24 55 4
24 65 5
24 56 14
24 56 3
24 87 4
24 43 13
24 102 8
24 87 10
24 79 16
24 103 13
24 53 13
24 27 6
24 110 10
24 27 3
24 107 2
24 81 5
24 75 3
24 94 18
24 121 5
24 120 1
24 96 18
24 59 13
24 58 3
24 98 6
24 124 6
24 117 19
24 34 2
24 87 17
24 89 6
24 90 15
24 119 19
24 105 2
24 63 12
24 51 18
24 77 6
24 52 7
24 43 17
24 56 12
24 75 17
24 26 3
24 37 19
24 65 16
24 113 19
24 36 11
24 69 4
24 118 1
24 82 16
24 92 13
24 65 8
24 44 6
24 77 7
24 108 12
24 68 1
24 95 18
24 55 19
24 24 9
24 71 12
24 103 16
24 54 9
24 117 18
24 79 19
24 59 12
24 90 16
24 28 8
24 83 19
24 78 20
24 65 15
24 120 2
24 66 12
24 116 14
24 110 1
24 95 1
24 30 3
24 62 15
24 123 19
24 26 17
24 50 15
24 44 15
24 54 13
24 96 5
24 111 8
25 123 14
25 54 9
25 29 3
25 93 13
25 117 10
26 39 10
26 75 6
26 33 14
26 120 15
26 103 9
26 45 14
26 49 2
26 94 17
26 59 9
26 68 10
27 52 12
27 86 18
27 106 11
27 79 18
27 72 18
27 127 11
27 70 5
27 74 1
27 36 1
27 119 3
28 66 20
28 124 9
28 87 20
28 32 9
28 46 18
28 47 8
28 75 4
28 126 16
28 30 17
28 52 11
28 83 9
28 39 17
28 72 16
28 65 20
28 126 10
28 56 1
28 61 9
28 76 19
28 96 2
28 62 6
28 75 14
28 120 17
28 42 1
28 66 11
28 119 1
28 68 10
28 37 15
28 110 4
28 70 4
28 86 10
28 44 10
28 30 2
28 93 16
28 44 7
28 86 18
28 37 18
28 69 8
28 81 10
28 72 12
28 43 2
28 124 18
28 118 20
28 88 18
28 31 6
28 83 4
28 100 13
28 54 7
28 35 20
28 90 4
28 37 12
28 66 8
28 123 19
28 102 19
28 69 2
28 61 10
28 71 2
28 38 1
28 124 20
28 111 2
28 89 4
28 120 14
28 68 9
29 65 10
29 103 11
29 110 12
29 120 14
29 82 6
29 106 5
29 87 18
29 81 1
29 41 6
29 70 15
29 90 10
29 64 18
29 55 7
29 106 4
29 109 10
29 105 13
29 108 10
29 44 1
29 83 3
29 34 18
29 124 12
29 54 18
29 95 5
29 40 3
29 45 11
29 106 18
30 82 4
30 53 16
30 66 19
30 125 16
30 31 19
30 86 16
30 105 12
30 115 6
30 126 9
30 81 6
30 101 18
30 118 11
30 94 6
30 112 9
30 122 4
30 81 2
30 86 9
30 115 3
30 73 5
30 96 12
30 92 15
30 51 15
30 113 14
30 80 10
30 31 4
30 105 11
30 35 2
30 55 1
30 105 14
30 102 3
30 73 17
30 122 16
30 78 15
30 31 1
30 33 1
30 84 12
30 98 1
30 97 5
30 122 4
30 30 18
30 111 17
30 54 6
30 46 18
30 53 8
30 59 19
30 113 11
30 69 9
30 92 15
30 115 17
30 94 17
31 87 18
31 80 15
31 75 13
31 32 12
31 31 10
31 65 12
31 61 12
31 59 6
31 77 15
31 98 11
31 81 13
31 79 19
31 63 19
31 86 5
31 34 9
31 103 9
31 84 13
31 127 10
32 100 17
32 42 8
32 97 12
32 112 10
32 66 20
32 107 5
32 76 5
32 66 13
32 33 5
32 102 7
32 64 3
32 68 1
32 123 6
32 121 11
32 54 13
32 66 5
32 99 5
32 98 4
32 103 9
32 85 19
32 126 12
32 79 4
32 111 11
32 114 17
32 94 7
32 49 9
32 57 12
32 88 7
32 44 6
32 93 4
32 107 10
32 124 13
32 58 12
32 69 6
32 78 8
32 87 9
32 109 10
32 59 11
32 100 19
32 41 16
32 113 4
32 60 20
32 111 14
32 68 15
32 117 13
32 56 13
32 112 6
32 96 1
32 41 13
32 116 10
32 118 4
32 45 4
32 72 15
32 54 11
32 105 16
32 63 9
32 106 17
32 34 5
32 64 11
32 48 11
32 112 18
32 75 3
32 62 20
32 98 10
32 124 20
32 59 19
32 118 13
32 90 7
32 34 19
32 50 12
32 116 16
32 120 4
32 124 10
32 111 12
32 116 4
32 64 12
32 77 6
32 106 5
32 55 7
32 95 10
32 117 10
32 112 14
32 125 7
32 70 2
32 96 14
32 85 6
33 83 15
33 57 19
33 118 18
33 101 7
33 73 8
33 120 1
33 54 19
33 79 12
33 127 5
33 53 3
33 62 13
33 49 18
33 97 10
33 56 13
33 127 5
33 103 17
33 103 18
33 86 2
33 52 1
33 98 14
33 96 3
33 56 4
33 114 9
33 54 17
33 102 2
33 77 14
33 119 16
33 40 19
33 88 11
33 87 16
33 108 5
33 100 3
33 95 1
33 75 4
33 113 10
33 51 14
33 76 20
33 110 20
33 105 20
33 57 1
33 83 13
33 112 20
33 70 12
33 116 10
33 81 17
33 58 17
33 119 15
33 44 12
33 75 1
33 41 3
33 103 10
33 38 4
33 55 2
33 46 2
33 123 2
33 68 15
33 117 1
33 64 19
33 113 9
33 123 7
33 50 14
33 61 10
33 39 4
33 38 4
33 103 14
33 121 15
33 114 11
33 118 2
33 115 19
33 83 1
33 40 20
33 36 8
33 56 16
34 92 7
34 61 13
34 118 7
34 126 9
34 110 2
34 63 12
34 53 12
34 114 11
34 35 18
34 92 13
34 122 1
34 40 7
34 88 19
34 80 19
34 63 11
34 51 10
34 68 5
34 125 2
34 62 15
34 48 11
34 46 17
34 83 7
34 62 11
34 59 10
34 58 11
34 60 7
34 99 11
34 35 14
34 85 3
34 68 1
34 74 19
34 92 9
34 56 9
34 76 11
34 56 9
34 72 10
34 111 11
34 73 17
34 90 8
34 43 11
34 84 13
34 46 15
34 54 11
34 68 15
34 42 5
34 124 19
34 76 2
34 94 16
34 108 16
34 104 14
34 70 10
34 45 6
34 77 16
34 60 15
34 61 3
34 89 11
34 75 5
34 60 7
34 123 4
34 76 16
34 124 9
34 121 8
34 97 5
34 34 10
34 66 3
34 81 14
34 89 8
34 127 10
34 46 6
34 91 18
34 82 8
34 97 13
34 54 7
34 66 7
34 126 11
34 122 4
34 102 4
34 82 11
34 122 6
34 94 15
34 109 7
34 42 17
34 92 9
34 72 11
34 78 9
34 94 5
34 55 9
34 56 17
35 120 17
35 105 11
35 105 10
35 91 6
35 59 6
35 71 8
35 89 8
35 75 12
35 50 20
35 77 8
35 116 6
35 77 1
35 121 4
35 113 18
35 85 1
35 107 19
35 116 5
35 63 15
35 52 15
35 92 8
35 46 2
35 62 10
35 50 18
35 61 4
35 92 20
35 50 17
35 40 15
35 118 19
35 35 13
35 83 4
35 85 17
35 126 8
35 86 20
35 36 9
35 124 16
35 95 15
35 78 17
35 122 16
35 81 15
35 67 14
35 115 4
35 123 17
35 36 7
35 35 4
35 103 9
35 102 12
35 104 14
35 92 8
35 100 4
35 48 13
35 89 14
35 41 20
35 119 5
35 57 1
35 67 15
35 111 8
35 111 15
35 71 2
35 72 9
35 115 18
35 60 6
35 52 1
35 84 11
35 117 14
35 55 2
36 91 18
36 40 12
36 56 13
36 87 13
36 43 3
36 50 20
36 90 1
36 72 11
36 74 16
36 107 17
36 111 8
36 58 16
36 85 13
36 46 12
36 53 20
36 50 18
36 124 4
36 101 8
36 117 14
36 85 1
36 67 4
36 82 15
36 56 4
36 91 14
36 118 19
36 127 9
36 127 13
36 108 10
36 114 4
36 36 17
36 70 1
36 99 11
36 64 4
36 77 7
36 58 9
36 93 20
36 66 7
36 109 7
36 36 18
36 55 6
36 55 8
36 110 3
36 99 8
36 71 13
36 76 3
36 39 5
36 106 19
36 102 16
36 68 16
36 96 16
36 41 3
36 66 13
36 86 4
36 108 15
36 57 15
36 93 18
36 125 16
36 59 3
36 47 7
36 77 3
36 55 17
36 57 7
36 105 9
36 72 14
36 51 11
36 53 16
36 95 1
36 63 4
36 71 12
36 118 1
36 80 20
36 80 5
36 88 10
36 115 2
36 64 14
37 39 8
37 79 9
37 64 12
37 57 3
37 83 15
37 86 15
37 99 11
37 79 13
37 86 14
37 113 7
37 111 14
37 114 4
37 60 1
37 107 14
37 84 8
37 59 3
37 48 17
37 56 4
37 100 17
37 94 11
37 68 7
37 94 11
37 43 5
37 92 19
37 39 8
37 123 7
37 65 6
37 45 12
37 95 4
37 76 2
37 87 8
37 78 12
37 52 18
37 92 15
37 90 20
37 76 4
37 115 9
37 52 17
37 111 1
37 123 14
37 72 15
37 125 8
37 49 4
37 49 5
37 67 6
37 60 16
37 103 17
37 117 4
37 84 6
37 86 18
37 88 18
37 85 18
37 43 6
37 59 8
37 116 12
37 123 7
37 114 15
37 95 17
37 76 9
37 115 13
37 122 19
37 94 10
37 89 13
37 122 9
38 48 14
38 81 13
38 121 7
38 92 16
38 98 4
38 102 8
38 116 6
39 79 12
39 49 7
39 98 1
39 63 6
39 104 10
39 106 9
39 110 4
39 97 19
39 48 6
39 48 3
39 114 9
39 41 19
39 105 17
39 107 8
39 75 2
39 106 11
39 73 17
39 42 2
39 103 14
39 63 13
39 50 5
39 88 9
39 50 16
39 101 12
39 46 8
39 67 14
39 77 13
39 123 5
39 64 12
39 49 3
39 84 11
39 51 16
39 73 8
39 97 6
39 58 20
39 66 19
39 55 12
39 117 2
39 67 18
39 114 5
39 90 18
39 47 5
39 55 3
39 47 1
39 67 18
39 109 17
39 104 11
39 88 12
39 62 19
39 69 11
39 109 6
39 39 8
39 86 16
39 126 3
39 112 8
39 115 13
39 121 7
40 110 3
40 92 1
40 94 4
40 70 1
40 76 8
40 94 4
40 79 18
40 77 17
40 127 1
40 118 8
40 95 6
40 51 2
40 110 4
41 51 5
41 80 5
41 46 20
41 55 9
41 124 6
41 81 6
41 92 13
41 108 11
41 83 4
41 62 8
41 121 10
41 47 4
41 78 8
41 93 15
41 75 8
41 45 8
41 96 7
41 56 13
41 109 10
41 106 5
41 90 17
41 108 2
41 41 11
41 56 5
41 116 13
41 84 17
41 54 8
41 82 12
41 105 18
41 106 14
41 86 16
41 47 2
41 123 2
41 42 1
41 88 2
41 82 6
41 64 8
41 71 11
41 97 5
41 83 15
41 127 10
41 50 9
41 118 17
41 91 3
41 117 8
41 127 4
41 45 14
41 84 1
41 94 17
41 127 10
41 90 4
41 96 8
42 118 7
42 109 9
42 127 8
42 48 11
42 70 16
42 43 17
42 107 5
42 95 14
42 86 17
42 97 17
42 55 3
42 64 18
42 94 12
42 96 14
42 53 5
42 100 10
42 110 7
42 58 12
42 68 13
42 115 8
42 106 15
42 59 16
42 120 12
42 100 18
42 114 12
42 108 12
42 109 16
42 47 14
42 123 6
42 76 1
42 63 6
42 67 17
42 68 4
42 58 12
42 43 17
42 53 9
42 87 20
42 110 11
42 89 19
42 59 11
42 77 5
42 62 14
43 105 11
43 90 14
43 110 10
43 68 10
43 117 10
43 60 20
43 109 10
43 101 1
43 105 17
43 83 10
43 45 17
43 121 6
43 126 18
43 71 16
43 47 5
43 43 14
43 65 13
43 125 1
43 82 10
43 100 8
43 78 15
43 80 8
43 49 1
43 117 19
43 66 10
43 75 5
43 100 12
43 109 16
43 98 10
43 50 18
43 54 5
43 43 3
43 65 16
43 101 10
43 92 10
43 69 2
43 91 9
43 98 13
43 104 13
43 87 17
43 87 3
43 63 11
43 51 13
43 91 3
43 84 12
43 75 8
43 108 8
43 119 13
43 62 15
43 105 6
43 48 11
43 56 18
43 123 12
43 127 15
43 100 19
43 108 11
43 54 9
43 80 2
44 70 19
44 55 5
44 81 7
44 50 16
44 118 7
44 122 14
44 89 4
44 70 6
44 114 14
44 70 16
44 89 14
44 123 9
44 86 6
44 75 12
44 56 11
44 50 9
44 127 14
44 125 17
44 67 7
44 70 5
44 53 6
44 70 18
44 92 12
44 111 7
44 114 11
44 88 18
44 70 1
44 64 14
44 83 5
44 83 3
44 75 4
44 83 19
44 76 11
44 90 18
44 87 9
44 99 17
44 118 19
44 103 7
44 124 18
44 124 18
44 84 9
44 49 16
44 100 12
44 109 18
44 109 2
44 67 1
44 74 7
44 45 15
44 97 3
44 45 15
44 124 11
44 91 17
44 55 17
44 62 14
44 54 7
44 98 14
44 114 16
44 84 17
44 113 18
44 68 20
44 115 20
44 119 11
44 74 15
44 96 1
44 104 7
44 57 1
44 50 11
44 74 15
44 59 13
44 87 1
44 66 8
44 79 15
44 88 17
44 65 14
44 71 18
44 48 8
44 99 6
45 80 10
45 89 2
45 87 14
45 85 14
45 77 20
45 45 17
45 124 2
45 119 19
45 79 18
45 111 16
45 64 7
45 111 14
45 90 5
45 84 5
45 99 13
45 66 4
45 50 17
45 53 13
45 64 1
45 57 5
45 116 17
45 47 17
45 67 9
45 102 3
45 48 14
45 91 15
45 68 9
45 85 11
45 48 14
45 69 19
45 107 1
45 120 9
45 70 18
45 82 4
45 114 16
45 123 11
45 105 19
45 56 7
45 59 8
45 60 16
45 47 2
45 124 12
45 105 17
45 126 15
45 59 16
45 122 12
45 95 17
45 64 1
45 125 14
45 46 10
45 90 1
45 83 6
45 109 3
45 110 12
45 60 2
45 49 18
45 122 7
45 58 9
45 63 1
45 60 8
45 73 1
45 84 8
45 92 8
45 118 12
45 118 1
45 84 4
45 90 3
45 121 3
45 102 4
45 48 3
45 65 9
45 64 9
45 50 8
45 84 14
45 78 20
45 52 7
45 81 2
45 51 8
45 65 3
45 123 11
45 57 18
45 85 20
46 81 19
47 58 18
47 71 3
47 98 4
47 102 6
47 73 3
47 121 3
47 64 18
47 71 20
47 63 11
47 118 2
47 98 17
47 66 12
47 91 6
47 88 20
47 103 2
47 95 18
47 124 4
47 113 19
47 115 13
47 118 1
47 71 7
47 111 4
47 87 6
47 90 12
47 110 12
47 122 19
47 77 13
47 79 1
48 58 4
48 119 16
48 96 2
48 57 18
48 78 15
48 82 19
48 57 10
48 99 1
48 66 13
48 91 13
48 110 16
48 76 7
48 104 7
48 121 17
48 67 7
48 59 1
48 48 3
48 85 14
48 82 5
48 111 8
48 110 2
48 97 11
48 58 19
49 101 4
49 107 10
49 86 3
49 84 17
49 105 2
49 83 6
49 87 6
49 87 7
50 74 17
50 76 4
50 63 7
50 111 17
51 78 18
51 84 12
51 125 9
51 69 8
51 97 2
51 127 10
51 90 18
51 106 2
51 90 8
51 78 16
51 59 6
51 72 12
51 57 12
51 108 17
51 92 7
51 70 15
51 52 12
51 76 8
51 84 17
51 112 9
51 126 6
51 61 13
51 106 5
51 68 1
51 123 18
51 81 2
51 117 11
51 100 19
51 119 1
51 60 9
51 100 1
51 110 16
51 122 19
51 55 6
51 83 3
51 92 7
51 85 16
51 96 7
51 109 13
51 78 6
51 112 16
52 109 3
52 126 2
52 85 7
52 66 1
52 107 7
52 79 3
52 76 1
52 115 6
52 122 11
52 75 6
52 79 4
52 115 2
52 62 12
52 97 6
52 101 10
52 60 5
52 80 5
52 122 4
52 98 11
52 98 6
52 92 14
52 85 5
52 99 15
52 63 16
52 115 1
52 78 6
52 110 10
52 75 4
52 81 6
52 121 12
52 87 5
52 83 10
52 77 18
52 74 5
52 73 5
52 68 11
52 104 9
52 52 9
52 67 18
52 53 4
52 64 15
52 112 14
52 124 16
52 110 10
52 55 7
52 84 16
52 71 12
52 118 20
52 101 19
52 109 16
52 52 20
52 64 16
52 101 16
52 59 6
52 117 1
52 96 2
52 68 17
52 77 3
52 70 16
52 109 13
53 55 19
53 59 15
53 99 2
53 72 8
53 101 8
53 100 1
53 77 17
53 95 20
53 58 7
53 60 20
53 126 9
53 66 10
53 113 8
53 81 9
53 53 7
54 65 7
54 90 15
54 102 14
54 121 1
54 117 12
54 76 20
54 76 1
54 110 8
54 86 16
54 95 2
54 127 3
54 106 15
54 116 20
54 55 19
54 110 11
54 106 13
54 68 3
54 87 9
54 57 6
54 77 9
54 56 20
54 100 18
54 82 17
54 109 18
54 103 17
54 55 17
54 125 7
54 122 8
54 95 15
54 90 6
54 83 19
54 63 15
54 117 5
54 72 10
54 121 15
54 85 3
54 58 20
54 116 10
54 93 1
54 102 20
54 60 7
54 70 18
54 57 7
54 62 5
54 64 3
54 77 18
54 122 14
54 95 15
54 82 20
54 108 6
54 121 11
54 80 17
54 105 2
54 76 14
54 100 18
54 79 3
54 88 5
54 102 15
54 116 7
54 96 9
54 109 18
54 110 12
54 87 5
54 81 5
54 109 10
54 91 9
54 110 2
54 96 2
55 95 9
55 99 9
55 59 7
55 57 18
55 103 15
55 103 19
55 109 20
55 60 9
55 125 2
55 60 3
55 113 3
55 76 6
55 67 15
55 59 12
55 73 14
55 114 10
55 99 18
55 100 18
55 66 7
55 92 3
55 75 12
55 80 8
55 103 1
55 66 12
55 123 7
55 65 12
55 95 17
55 68 15
55 127 17
55 71 18
55 99 5
55 107 4
55 65 13
55 92 14
55 60 19
55 58 8
55 79 6
55 71 17
55 56 9
55 88 3
55 100 17
55 118 10
55 105 11
55 59 2
55 56 18
55 98 1
55 100 3
55 72 10
55 77 11
55 92 4
55 99 5
55 70 16
55 63 12
55 93 18
55 99 17
55 76 12
55 77 17
55 67 8
56 91 5
56 100 20
56 110 4
56 83 11
56 77 15
56 65 4
56 100 1
56 116 12
56 117 20
56 88 19
56 84 3
56 93 11
56 70 5
56 83 16
56 122 5
56 80 2
56 84 14
56 59 15
56 81 4
56 104 4
56 85 8
56 82 10
56 63 20
56 79 20
56 81 10
57 126 7
57 105 1
57 67 15
57 113 10
57 123 6
57 117 13
57 113 14
57 97 14
57 72 5
57 110 14
57 125 7
57 73 13
57 95 7
57 101 6
57 116 17
57 89 6
57 58 18
57 125 8
57 79 2
57 121 9
57 115 18
57 98 9
57 117 2
57 78 16
57 89 1
57 104 1
57 73 4
57 58 13
57 65 1
57 95 6
57 69 3
57 97 16
57 75 9
57 94 7
57 59 12
57 76 17
57 126 18
57 92 18
57 117 20
57 104 2
57 108 3
57 115 15
57 112 10
57 86 18
57 92 4
57 107 13
57 63 5
57 94 7
57 95 17
57 120 16
57 90 17
57 127 5
57 99 19
57 96 20
57 70 16
57 122 15
57 119 8
57 76 4
57 97 9
57 88 17
57 111 5
58 59 8
58 96 6
58 81 18
58 69 13
58 125 7
58 114 7
58 77 10
58 89 18
58 74 7
58 92 11
58 88 12
58 98 13
59 102 20
59 117 4
59 59 11
59 65 9
59 82 10
59 93 19
59 103 5
59 83 15
59 103 19
59 120 11
59 105 8
59 116 18
59 83 3
59 74 9
59 120 5
59 81 4
59 90 17
59 117 16
59 127 17
59 101 18
59 118 19
59 64 6
59 124 18
59 85 11
59 80 10
59 63 14
59 95 12
59 115 15
59 108 4
59 60 10
59 84 1
59 74 14
60 117 19
60 90 9
60 63 11
60 69 16
60 60 7
60 119 2
60 109 5
60 104 6
60 66 6
60 110 20
60 117 13
60 77 7
60 76 2
60 88 12
60 110 4
60 96 11
60 71 20
60 89 4
60 125 14
60 109 12
60 101 13
60 124 2
60 87 6
60 124 7
60 88 1
60 82 9
60 78 20
60 101 10
61 121 6
61 118 9
61 61 1
61 85 2
61 93 20
61 66 18
61 75 18
61 67 18
61 116 10
61 65 19
61 77 13
61 127 9
61 81 6
61 80 19
61 84 19
61 94 11
61 61 11
61 69 17
61 86 14
61 99 4
61 104 4
61 78 14
61 85 10
61 103 14
61 63 20
61 111 16
61 73 17
61 86 1
61 100 16
61 87 17
61 76 10
61 61 18
61 115 11
61 123 7
61 90 13
61 67 8
61 91 16
61 94 6
61 115 9
61 76 20
61 115 15
61 81 1
61 92 2
61 66 12
61 74 13
61 89 10
61 112 5
61 125 13
61 105 18
61 127 5
61 80 9
61 123 6
61 91 16
61 109 12
61 69 1
61 73 8
61 105 10
61 127 7
61 63 18
62 85 5
62 125 5
62 92 10
62 79 17
62 74 1
62 77 1
62 102 20
62 114 2
62 112 8
62 96 17
62 75 4
62 117 7
62 120 14
62 118 1
62 100 3
62 123 7
62 75 9
62 123 16
62 92 6
62 93 18
62 69 17
62 72 8
62 125 18
62 93 14
62 118 13
62 127 6
62 96 9
62 103 8
62 100 8
62 125 19
62 64 9
62 66 5
62 65 8
62 91 3
62 91 4
62 78 5
62 66 4
62 97 3
62 87 3
62 85 12
62 124 18
62 83 13
62 82 14
62 115 8
62 99 1
62 79 13
62 110 18
62 73 7
62 96 17
62 75 12
62 104 14
62 123 15
62 76 8
62 90 9
62 62 12
62 118 1
62 122 1
62 109 20
62 116 19
62 119 4
62 112 6
63 75 15
63 86 14
63 113 14
63 119 17
63 124 17
63 74 9
63 109 8
63 86 18
63 83 13
63 114 10
63 69 2
63 97 10
63 64 2
63 90 9
63 98 15
63 83 4
63 125 7
63 127 1
63 108 18
63 101 19
63 103 16
63 126 2
63 127 13
63 78 17
63 98 17
63 91 9
63 109 6
63 66 8
63 76 5
63 116 13
63 115 15
63 87 13
63 119 4
63 68 9
63 121 16
63 81 1
63 89 12
63 66 1
63 97 16
63 76 19
63 122 3
63 108 10
63 70 16
63 78 16
63 91 2
63 83 15
63 75 4
63 125 2
63 112 1
63 76 11
63 124 10
63 104 5
63 79 9
63 112 15
63 90 10
63 114 20
63 84 17
63 110 7
63 68 16
63 103 1
63 74 2
63 98 11
63 72 19
63 117 10
64 87 1
64 69 12
64 70 9
64 94 7
64 117 14
64 114 14
64 73 7
64 75 9
64 65 7
64 120 16
64 94 20
64 88 17
64 122 3
64 93 13
64 80 10
64 94 4
64 90 13
64 81 16
64 101 14
64 65 14
64 79 8
64 126 20
64 116 18
64 122 16
64 122 4
64 67 2
64 85 20
64 109 17
64 114 6
64 82 7
64 89 15
64 95 17
64 105 9
64 125 7
64 121 1
64 82 12
64 122 13
64 123 14
64 96 1
64 105 3
64 80 8
64 113 15
64 102 20
64 105 17
64 86 2
64 127 4
64 64 14
64 117 2
64 110 10
64 80 3
64 93 7
64 100 17
64 99 7
64 78 12
64 95 19
64 80 14
64 100 14
64 112 11
64 98 1
64 107 14
65 111 1
65 74 9
65 84 7
65 68 19
65 113 9
65 106 2
65 91 15
65 82 6
65 81 18
65 69 3
65 121 6
65 122 13
65 79 19
65 85 16
65 101 17
65 126 10
65 77 19
65 127 5
65 67 1
65 74 5
65 91 11
65 76 7
65 70 5
65 91 13
65 106 9
65 78 15
65 79 2
65 102 19
65 84 8
65 119 8
65 115 5
65 119 18
65 75 19
65 66 16
65 93 13
65 78 12
65 123 4
65 126 17
65 106 4
65 78 13
66 73 13
66 107 2
66 83 13
66 96 8
66 79 20
66 107 3
66 67 19
66 82 15
66 100 10
66 81 3
66 79 14
66 85 7
66 112 16
66 124 18
66 117 2
66 82 7
66 127 20
66 113 13
66 113 1
66 89 3
66 90 6
66 102 19
66 91 8
66 88 6
66 112 13
66 69 16
66 87 11
66 105 11
66 116 12
66 106 7
66 126 6
66 121 20
66 127 11
66 103 15
66 74 7
66 116 18
66 86 16
66 104 17
66 66 9
66 127 1
66 115 7
67 111 7
67 103 9
67 94 3
67 83 1
67 70 19
67 124 6
67 86 2
67 72 11
67 105 3
67 98 10
67 87 2
67 96 17
67 119 10
67 112 10
67 79 7
67 103 10
67 83 1
67 110 7
67 125 14
67 110 3
67 113 19
67 126 11
67 69 2
67 114 6
67 85 4
67 101 13
67 84 19
67 104 19
67 88 10
67 120 10
67 108 3
67 100 14
67 70 5
67 109 10
67 115 18
67 91 18
67 96 15
67 88 16
67 74 17
67 95 2
67 122 4
67 116 11
67 104 12
67 81 8
67 95 20
67 95 3
67 118 10
67 123 20
68 80 10
68 69 4
68 124 7
68 87 17
68 88 20
68 89 19
68 114 18
68 100 13
68 99 2
68 92 13
68 86 18
68 74 19
68 127 8
68 97 19
68 119 20
68 81 1
68 101 7
68 87 12
68 68 15
68 116 19
68 80 9
68 94 7
68 103 6
68 118 16
68 101 19
68 95 13
68 87 18
68 117 9
68 90 9
68 77 17
68 88 10
68 68 8
68 86 4
68 72 14
68 96 20
68 111 7
68 78 7
68 111 8
68 108 2
68 106 3
68 107 15
68 83 15
68 78 14
68 91 18
68 98 18
68 84 13
68 114 3
68 101 6
68 116 6
68 100 17
68 100 16
68 113 3
68 113 6
68 69 9
68 98 19
68 98 8
68 104 6
68 69 20
69 90 9
69 96 5
69 90 12
69 95 7
69 99 12
69 84 20
69 89 10
69 106 17
69 90 15
69 121 14
69 103 1
69 110 1
69 119 4
69 99 5
69 118 11
69 93 10
69 109 19
69 125 10
69 75 9
69 80 10
69 101 15
69 105 1
69 96 17
69 86 7
69 108 1
69 101 12
69 104 11
70 93 19
70 89 8
70 97 17
70 110 11
70 85 3
70 111 19
70 105 18
70 99 10
70 113 14
71 104 5
71 73 4
71 82 11
71 113 7
71 124 9
71 87 11
71 120 2
71 87 11
71 82 12
71 83 5
71 80 8
71 86 19
71 85 17
71 125 18
71 115 18
71 93 11
71 92 8
71 85 18
71 123 17
71 105 9
71 114 13
71 116 11
71 80 11
71 114 8
71 90 8
71 79 9
71 115 19
71 88 12
71 72 15
71 93 9
71 76 17
71 96 2
71 73 13
72 89 11
72 104 18
72 107 18
72 114 16
72 126 19
72 80 6
72 108 14
72 74 10
72 95 4
72 107 8
72 108 5
72 82 17
72 127 13
72 101 7
72 108 1
72 121 1
72 103 5
72 126 4
72 116 7
72 117 6
72 89 14
72 99 8
72 110 19
72 94 13
72 126 9
72 80 10
72 87 13
72 103 8
72 93 8
72 82 9
72 110 15
72 107 2
72 104 5
72 121 19
72 88 1
72 116 9
72 85 12
72 102 16
72 122 17
73 116 13
73 91 7
73 108 20
73 95 16
73 81 15
74 76 15
74 101 20
74 122 6
74 93 2
74 106 6
74 99 10
74 98 8
74 113 19
74 87 15
74 99 1
74 87 7
74 85 14
74 91 5
74 78 10
74 110 12
74 91 1
74 100 4
74 96 7
74 118 2
74 75 15
74 86 10
74 102 20
74 122 9
74 82 19
74 122 1
74 125 15
74 113 3
74 78 11
74 118 16
74 117 5
74 97 1
74 97 12
74 106 12
74 82 14
74 113 17
75 104 6
75 79 9
75 117 11
75 111 6
75 103 2
75 85 3
75 85 14
75 106 17
75 94 2
75 97 18
75 81 10
75 126 11
75 90 2
75 89 8
76 80 1
76 78 15
76 125 20
76 98 8
76 92 9
76 124 19
76 94 8
76 85 18
76 102 11
76 113 18
76 89 6
76 116 4
76 89 17
76 96 8
76 110 4
76 97 4
76 113 15
76 123 20
76 104 6
76 126 7
76 95 20
76 95 9
76 102 18
76 123 11
76 104 13
76 105 18
76 92 15
76 78 6
76 81 11
76 86 5
76 97 8
76 90 20
76 98 18
76 114 9
76 90 13
76 92 10
76 118 18
76 82 12
76 101 5
76 125 4
76 112 1
76 126 11
76 108 9
76 95 4
76 85 10
76 86 6
77 102 9
77 107 12
77 97 17
77 102 12
77 104 12
77 126 3
77 89 3
77 101 6
78 84 13
78 90 4
78 102 12
78 118 15
78 126 11
78 118 2
78 93 6
78 85 20
78 92 2
78 97 8
78 105 14
78 112 18
78 127 2
78 126 5
78 93 3
79 116 7
79 103 12
79 83 3
79 121 5
79 116 4
79 80 9
79 110 7
79 117 20
79 94 4
79 125 19
79 94 13
79 82 17
79 91 18
79 80 4
79 103 1
79 114 17
79 97 8
79 110 20
79 93 10
79 117 16
79 88 16
79 82 16
79 103 14
79 88 3
80 86 13
80 116 2
80 118 1
80 124 20
80 98 1
80 92 16
80 109 4
80 125 19
80 99 4
80 102 18
80 101 9
80 107 17
80 122 7
80 86 7
80 120 14
80 87 2
80 113 7
80 119 13
80 108 16
80 115 18
80 87 3
80 103 3
80 112 5
80 117 3
80 125 4
80 97 15
80 93 17
80 100 20
80 101 4
80 82 16
80 120 11
81 86 2
81 85 6
81 125 9
81 122 4
81 114 10
81 99 6
81 120 17
81 100 1
81 92 8
81 98 18
81 98 7
81 117 12
81 112 2
81 94 17
81 122 13
81 119 3
81 122 6
81 110 2
81 84 8
81 108 10
81 88 10
81 104 18
81 81 12
81 124 19
81 125 20
81 126 15
81 111 6
82 94 16
82 108 15
82 120 16
82 124 5
82 93 15
82 102 6
82 117 17
82 91 8
82 104 2
82 116 7
82 97 2
82 119 8
82 94 2
83 87 18
83 117 12
83 126 10
83 117 6
83 115 13
83 98 6
83 86 13
83 125 14
83 91 13
83 99 7
83 120 1
83 94 2
83 124 20
83 122 2
83 91 19
83 94 6
83 83 9
83 123 8
83 98 6
83 126 14
83 107 4
83 88 5
83 115 1
83 91 10
83 101 20
83 98 12
83 102 9
83 126 4
83 84 12
83 105 17
83 117 2
83 86 19
83 92 16
83 94 6
83 127 14
83 95 16
83 103 5
83 109 10
83 125 12
83 114 14
83 91 16
83 101 16
84 100 16
84 105 1
84 127 6
84 96 1
84 85 17
84 107 7
84 84 18
84 91 3
84 113 10
84 113 6
84 115 14
84 103 12
84 98 7
84 108 8
84 95 5
84 120 4
84 126 13
84 93 4
84 117 2
84 99 19
84 125 19
84 114 6
84 91 17
84 121 9
84 115 20
84 118 16
84 90 6
84 84 8
84 100 17
84 101 17
84 96 10
84 100 13
84 111 16
85 85 4
85 90 15
85 105 10
85 123 7
85 120 14
85 107 11
85 122 19
85 117 8
85 91 12
85 103 8
85 104 5
85 120 9
85 112 4
85 120 1
85 114 18
85 98 7
85 90 5
85 126 20
85 102 18
85 103 4
85 108 2
85 113 5
85 103 2
85 95 5
85 85 12
85 109 13
85 93 3
85 95 12
85 104 2
85 123 20
85 101 13
86 103 3
86 116 16
86 96 13
86 125 16
87 108 9
87 103 3
87 99 16
88 126 1
88 91 17
88 110 4
88 112 10
88 88 7
88 100 19
88 95 10
88 114 18
88 116 1
88 108 8
88 94 18
88 98 2
88 127 4
88 106 20
88 108 20
88 91 4
88 124 3
88 119 10
89 112 18
89 101 17
89 108 15
89 89 8
89 92 3
89 97 2
89 107 14
89 93 9
89 112 12
89 112 1
89 112 10
89 96 11
89 110 7
89 96 17
89 96 6
89 119 5
89 120 13
89 98 8
89 93 19
89 95 2
89 125 17
89 120 3
89 98 16
89 119 15
89 98 13
89 98 11
89 92 18
89 91 3
89 90 12
89 116 10
89 109 4
90 110 9
90 123 4
90 126 19
90 95 11
90 92 13
90 109 2
90 121 16
90 97 8
90 118 17
90 91 12
90 125 8
90 107 15
90 127 2
91 118 5
91 93 18
91 111 11
91 114 7
91 114 14
91 113 2
91 104 5
91 122 13
91 108 19
91 94 20
91 115 3
91 122 3
91 118 13
91 103 20
91 91 8
91 123 9
91 97 1
91 104 8
92 103 8
92 101 19
92 116 1
92 115 4
92 119 8
92 111 20
92 113 7
92 98 7
92 95 7
92 118 6
92 119 18
92 94 15
92 117 3
92 101 6
92 98 17
92 103 20
92 110 10
92 96 4
92 98 15
92 108 14
92 107 13
92 117 8
92 126 5
92 103 18
92 119 12
92 102 15
92 121 1
93 101 2
93 118 16
93 111 9
93 95 14
93 121 13
93 113 17
93 94 7
93 110 10
93 97 5
93 123 17
93 101 6
93 93 8
93 121 11
93 99 14
93 114 2
93 104 4
93 93 5
94 106 11
94 108 7
94 106 4
94 119 9
94 96 8
94 95 19
94 122 12
94 123 5
94 108 20
94 100 16
94 99 4
94 116 6
94 110 4
94 110 8
94 113 6
94 108 15
94 114 18
94 106 1
94 111 8
94 125 20
94 118 5
95 108 3
95 108 18
95 105 5
95 125 3
95 126 9
96 101 17
96 118 17
96 105 15
96 124 1
96 116 17
96 109 11
96 124 9
96 119 5
96 118 19
96 124 8
96 109 17
96 120 7
96 116 4
96 112 4
96 103 9
96 97 2
97 111 8
97 121 12
97 126 11
97 117 10
97 121 6
97 123 13
97 111 8
97 125 4
97 112 12
97 98 5
97 119 11
97 116 9
97 106 16
97 106 8
97 117 9
97 120 2
97 121 8
97 110 18
97 105 11
97 105 9
97 115 20
97 100 8
97 127 13
98 116 12
98 114 20
98 119 2
98 124 9
98 127 6
98 110 8
98 98 8
98 108 19
98 110 6
98 105 18
98 125 16
98 127 14
98 113 16
99 99 12
99 114 9
99 115 8
99 124 16
99 107 14
99 122 20
99 125 17
100 120 4
100 117 15
100 100 18
100 121 2
100 106 2
100 108 10
100 117 5
100 112 10
100 117 1
100 112 10
100 101 14
100 121 3
100 126 8
100 109 5
100 110 3
100 115 16
100 127 5
100 114 9
100 126 2
101 125 15
101 101 20
101 112 14
101 114 13
101 109 18
101 113 12
101 109 7
101 112 3
101 104 11
102 108 7
102 118 13
102 103 4
102 107 17
102 109 10
102 106 19
102 127 10
102 107 9
102 124 11
102 115 2
102 109 6
102 110 16
102 122 17
102 121 6
102 112 1
103 123 6
103 121 16
103 117 16
103 114 6
103 116 19
103 108 16
103 109 11
103 116 7
103 109 12
103 119 12
103 125 14
103 105 7
103 104 3
103 118 1
103 115 15
103 119 7
103 124 20
103 121 14
103 123 10
103 124 17
103 107 16
103 118 8
104 126 11
104 122 12
104 109 18
104 126 4
104 110 4
104 114 9
104 106 18
104 107 6
104 109 14
104 117 1
104 123 7
104 118 6
105 120 6
105 117 1
105 112 4
105 117 4
105 127 14
105 114 19
105 127 12
105 118 5
105 115 3
105 114 8
105 113 6
105 112 7
105 113 13
105 109 6
105 109 1
106 118 17
106 109 1
107 125 2
107 126 3
107 124 11
107 119 5
107 115 19
107 111 8
107 114 1
108 114 14
108 111 15
108 111 1
108 127 2
108 117 16
108 123 7
108 127 11
108 108 9
108 110 16
108 110 9
108 110 7
108 116 10
108 124 5
108 122 16
109 125 3
109 126 9
109 110 11
110 122 3
110 119 2
110 123 4
110 120 19
110 121 20
110 112 13
110 115 20
110 124 2
110 117 10
110 116 20
110 114 10
110 117 7
110 123 13
110 122 5
110 111 18
110 126 8
111 125 11
111 123 12
111 120 13
111 124 4
111 116 5
111 122 12
111 118 4
111 111 8
111 126 17
112 112 17
112 125 8
112 112 11
112 127 16
112 116 19
112 119 4
112 116 7
112 118 10
113 126 14
114 116 13
114 122 17
114 127 6
114 122 7
114 121 2
114 117 1
114 122 8
114 114 5
114 119 4
114 123 9
114 114 19
115 120 1
116 118 1
116 116 2
116 122 3
116 122 3
116 122 12
116 126 10
116 125 5
117 127 9
117 124 2
117 118 16
117 118 8
117 123 1
117 125 3
117 119 5
117 120 8
117 120 10
117 126 14
118 126 6
118 124 19
118 122 14
118 118 13
118 124 13
118 127 15
118 126 12
118 127 19
119 127 3
120 127 10
120 120 6
120 127 17
120 124 18
120 121 3
121 121 5
121 126 5
122 125 14
123 126 1
123 125 20
124 124 8
124 127 5
124 127 2
125 125 8
126 127 3
127 127 6
