0 52 16
0 4 20
0 52 14
0 37 14
0 16 16
0 12 17
0 3 5
0 39 15
0 28 14
0 47 9
0 23 14
0 12 10
0 27 14
0 26 7
0 44 20
0 37 20
0 19 19
0 6 14
0 16 2
0 17 17
0 48 16
0 39 13
0 4 12
0 39 7
1 24 6
1 15 6
1 59 16
1 26 10
1 32 3
1 16 12
1 41 7
1 62 11
1 21 3
1 33 1
1 60 19
1 17 2
1 61 13
1 31 6
1 54 15
1 40 18
1 41 13
1 49 7
1 47 17
1 28 15
1 61 15
1 8 18
1 37 16
1 5 12
1 18 8
1 22 5
1 8 9
1 40 15
1 8 4
1 36 4
1 24 11
1 54 1
1 16 19
1 27 2
1 53 1
1 59 20
1 59 2
1 30 12
1 29 2
1 17 6
1 22 15
1 43 15
1 30 13
1 42 19
1 46 12
1 26 13
1 25 3
1 15 15
1 43 7
1 31 2
1 4 12
1 22 6
1 25 14
1 53 3
1 43 16
1 11 20
1 44 4
1 22 16
2 35 15
2 20 8
2 28 19
2 24 4
2 4 17
2 40 11
2 5 6
2 29 18
2 23 13
2 54 1
2 62 2
2 47 3
2 16 15
2 29 5
2 16 15
2 47 7
2 5 3
2 63 4
2 47 14
2 41 14
2 63 8
2 23 8
2 63 14
2 17 1
3 14 10
3 21 9
3 55 11
3 54 6
3 37 19
3 46 13
3 45 20
3 39 19
3 11 4
3 24 17
3 17 8
3 56 14
3 34 15
3 59 8
3 43 2
3 45 13
3 22 10
3 22 7
3 11 12
3 52 11
3 7 10
3 4 1
3 37 12
3 12 17
3 47 15
3 53 2
3 54 20
3 36 12
3 7 3
3 56 16
3 39 6
3 34 14
3 53 9
3 32 13
3 22 10
3 57 4
3 58 15
3 8 5
3 5 6
3 59 9
3 12 2
4 35 8
4 47 17
4 28 9
4 24 10
5 41 18
5 44 19
5 56 19
5 38 13
5 43 2
5 41 8
5 20 16
5 40 4
5 9 4
5 20 5
5 63 10
5 25 9
5 21 17
5 18 10
5 37 15
5 14 2
5 58 13
5 13 19
5 17 1
5 39 15
5 22 1
5 12 6
5 25 16
5 13 5
5 33 5
5 55 3
5 60 15
5 56 4
5 32 12
5 45 2
5 48 9
5 14 16
5 40 16
5 9 12
5 13 16
5 31 3
5 41 11
5 62 15
5 7 19
6 47 12
6 34 13
6 54 8
6 13 3
6 41 14
6 51 1
6 48 15
6 40 17
6 43 12
6 31 2
6 32 11
6 16 6
6 51 6
6 62 18
6 9 5
6 22 7
6 59 3
6 42 11
6 38 2
7 63 12
7 21 14
7 42 19
7 17 17
7 36 14
7 26 10
7 31 8
7 42 10
7 42 13
7 35 14
7 39 5
7 16 4
7 43 12
7 13 11
7 41 12
7 19 20
7 39 5
7 10 8
7 19 15
7 12 18
7 10 16
7 50 2
7 13 18
7 30 17
7 30 10
7 8 7
7 7 12
7 45 20
7 43 1
7 59 14
7 31 3
7 56 5
8 59 2
8 22 18
8 21 19
8 45 17
8 15 9
8 20 20
8 48 13
8 27 6
8 44 20
8 46 16
8 57 7
8 16 1
8 37 18
8 15 3
8 57 19
8 45 19
8 24 15
8 46 2
8 26 10
8 53 4
8 15 13
9 54 10
9 23 19
9 37 2
9 36 20
9 25 10
9 56 4
9 26 17
9 63 7
9 54 2
9 35 7
9 27 7
9 30 9
9 31 9
9 56 11
9 51 2
9 25 2
9 30 11
9 60 15
9 55 12
9 44 20
9 37 18
9 41 6
9 29 18
9 29 13
9 61 12
9 31 19
9 12 2
9 19 14
9 24 12
10 17 7
10 15 5
10 50 10
10 44 20
10 60 4
10 16 15
10 37 5
10 49 7
10 22 12
10 20 3
10 63 16
10 58 13
10 54 8
10 47 12
10 53 4
10 60 16
10 50 18
10 18 17
10 38 12
10 25 8
10 39 11
10 19 3
10 42 17
10 52 2
10 41 8
10 13 2
11 34 3
11 25 12
11 26 15
11 56 2
11 28 13
11 14 7
11 17 4
11 63 17
11 45 4
11 61 5
12 13 3
12 55 6
12 54 20
12 57 14
12 50 6
12 37 12
12 40 7
12 59 4
12 21 19
12 56 16
12 25 1
12 24 4
12 20 7
12 20 16
12 40 18
12 46 12
12 52 4
12 15 12
12 23 5
12 42 10
12 44 15
12 53 3
12 32 19
12 42 12
13 16 14
13 20 5
13 20 8
13 19 11
13 39 16
13 37 17
13 32 11
13 52 5
13 36 15
13 14 18
13 18 17
13 13 19
14 41 8
14 28 11
14 17 6
14 51 2
14 30 4
14 53 20
14 39 14
14 56 4
14 37 20
14 18 10
14 19 18
14 48 2
14 21 15
14 47 15
14 35 1
14 59 20
14 62 8
14 22 2
14 58 15
14 25 9
14 15 4
14 14 11
14 23 20
14 49 4
14 36 15
14 60 2
14 61 20
14 39 20
14 61 14
14 22 18
14 44 19
14 54 1
14 17 10
14 36 7
14 48 1
14 22 7
14 47 16
14 50 1
14 25 10
14 45 10
14 18 11
14 44 13
14 62 18
14 29 20
14 32 14
14 38 4
14 48 18
14 58 14
15 45 3
15 47 13
15 48 15
15 26 19
15 40 16
15 36 15
15 38 9
15 47 12
15 21 9
15 53 14
15 32 11
15 23 1
15 57 15
15 38 19
15 20 13
16 63 4
16 23 4
16 55 7
16 17 8
16 17 1
16 16 3
16 59 3
16 37 17
16 57 7
16 57 11
16 30 3
16 56 14
16 29 9
16 24 14
16 53 3
16 17 12
16 47 15
16 50 12
16 24 14
16 52 19
16 21 2
16 32 18
16 43 15
16 48 16
16 36 17
16 36 7
16 59 18
16 17 16
16 31 16
16 35 13
16 46 14
16 63 14
16 45 9
16 47 13
16 22 5
16 36 18
16 40 13
16 47 14
16 30 9
16 61 17
16 39 7
16 26 3
16 30 8
16 49 16
16 26 6
16 16 18
16 20 19
17 34 15
17 53 16
17 17 12
17 29 18
17 41 12
17 49 20
17 42 7
17 19 4
17 39 2
17 47 20
17 19 13
17 44 1
17 24 14
17 54 10
17 41 1
17 33 7
17 34 1
17 26 18
17 25 16
17 62 10
17 55 17
17 17 18
17 29 20
17 19 7
17 63 18
17 38 5
17 33 13
17 54 1
17 33 10
17 33 15
17 29 13
17 40 12
17 29 5
17 27 17
17 42 16
17 55 10
17 52 14
17 32 14
17 29 1
17 60 9
18 18 17
18 33 8
18 19 4
18 61 12
18 44 7
18 34 8
18 55 13
18 60 6
18 47 19
18 33 7
18 43 15
18 47 11
18 60 14
18 56 1
18 24 12
18 36 8
18 34 20
18 24 4
18 40 3
18 18 20
18 22 14
18 57 15
18 58 14
18 50 14
18 57 14
19 35 9
19 51 20
19 35 15
19 38 18
19 24 9
19 53 2
19 45 17
19 36 2
19 36 7
19 34 20
19 45 1
19 33 10
20 30 7
21 56 6
21 52 14
21 37 4
21 62 19
22 31 19
22 51 14
22 37 12
22 35 12
22 34 10
22 48 7
22 41 4
22 43 17
22 46 13
22 57 11
22 55 14
22 57 16
22 24 1
22 39 18
23 27 14
23 52 12
23 42 16
23 35 4
23 53 16
23 60 19
23 41 12
23 36 19
23 59 19
23 43 8
23 62 18
23 31 14
23 43 3
23 37 14
23 31 10
23 53 10
23 42 18
23 47 12
23 23 1
23 43 14
23 38 17
23 50 18
23 31 13
23 35 7
23 59 18
23 61 2
23 45 9
23 61 4
23 36 8
23 29 16
23 41 1
23 36 12
23 43 15
23 44 11
23 49 18
23 52 8
23 50 7
23 63 6
23 24 9
23 50 13
24 29 17
24 40 20
24 34 14
24 53 4
24 43 13
24 33 20
24 52 6
24 50 4
24 25 12
24 50 16
24 62 1
24 53 9
24 53 11
24 58 12
24 49 12
24 37 13
24 33 2
24 27 8
24 62 9
24 25 7
24 36 17
24 42 6
24 28 8
24 51 2
24 57 7
24 28 12
25 47 12
25 28 19
25 34 19
25 27 17
25 50 13
25 28 18
25 33 17
25 34 18
25 42 17
25 60 20
25 45 13
25 46 14
25 30 1
25 42 13
25 37 18
25 38 1
25 58 8
25 40 6
25 54 5
25 35 13
25 53 16
25 28 18
26 31 4
26 41 9
26 26 6
26 45 6
26 51 5
26 37 10
26 26 6
26 30 19
26 49 6
27 55 3
27 41 18
27 28 6
27 38 3
27 34 8
27 45 12
27 39 13
27 55 19
27 47 17
27 36 2
27 40 17
27 30 2
27 41 4
27 43 4
27 31 2
27 36 20
27 51 5
27 37 10
27 59 9
28 49 19
28 28 7
28 36 8
28 54 3
28 36 19
28 56 20
28 54 11
28 32 7
28 33 8
28 51 9
28 58 18
28 33 6
28 53 10
28 48 8
28 47 4
28 42 12
28 47 15
28 30 3
28 43 17
28 45 12
28 36 15
28 36 16
28 63 9
28 54 13
28 55 16
28 58 14
29 47 11
29 47 6
29 47 2
29 45 5
29 63 19
29 35 6
29 44 6
29 46 18
29 53 6
29 38 19
29 48 20
29 54 18
29 46 8
29 32 20
29 57 11
29 55 7
29 31 15
29 59 12
29 57 17
30 44 1
30 59 20
30 44 10
30 57 17
30 35 8
30 33 19
30 47 17
30 50 11
30 30 3
30 49 11
30 58 13
30 61 7
30 35 13
30 55 16
30 57 13
30 45 11
30 30 12
30 50 12
30 56 10
30 45 1
31 48 2
31 63 8
31 31 20
31 48 16
31 47 20
31 47 2
31 47 13
31 63 17
31 38 18
31 56 19
31 63 16
31 59 4
31 62 1
31 37 1
31 58 13
31 60 7
31 56 12
32 57 11
32 40 8
32 32 18
32 40 13
32 45 8
32 52 8
32 43 1
32 37 5
32 42 3
32 53 7
32 60 8
32 60 8
32 36 8
32 49 9
32 49 14
32 46 18
32 61 13
32 41 10
32 60 5
32 61 14
32 48 15
32 61 7
32 42 4
32 56 13
33 57 3
33 39 12
33 56 5
33 40 14
33 35 10
33 33 16
33 52 2
33 39 8
33 54 3
33 33 16
33 56 1
33 52 5
33 46 19
33 56 13
33 46 16
33 41 17
33 52 2
33 34 12
33 36 1
33 39 1
33 45 16
33 61 8
33 49 1
33 59 10
33 62 17
34 36 19
34 35 12
34 49 16
34 58 16
34 53 16
34 41 4
34 56 11
34 40 3
34 47 13
34 34 1
34 49 13
34 41 7
34 62 12
34 57 16
34 61 5
34 42 13
34 39 15
34 48 3
34 50 16
34 57 8
34 49 5
35 40 2
35 47 13
35 47 8
35 57 5
35 43 17
35 62 3
35 42 17
35 60 12
35 60 20
35 63 4
36 55 16
36 52 20
36 60 19
36 59 3
36 44 11
36 38 5
36 40 1
36 41 13
36 38 4
36 61 19
37 52 16
37 47 15
37 48 14
37 63 8
37 48 19
37 59 3
37 63 4
37 37 8
37 39 3
37 57 13
37 47 11
38 54 4
38 46 9
38 43 17
38 48 15
38 39 9
38 45 4
38 60 11
38 57 5
38 63 18
38 56 8
38 55 1
38 46 11
38 46 7
39 51 6
39 42 7
39 40 10
39 59 1
39 54 5
39 61 2
39 53 2
39 58 2
39 56 4
39 51 2
40 48 11
40 46 17
40 43 7
40 48 19
40 52 15
40 47 9
41 58 1
41 43 19
41 58 13
41 47 18
41 45 8
41 60 5
41 51 3
41 58 1
42 44 7
42 60 12
42 57 13
42 57 3
42 63 7
42 56 4
42 49 12
42 42 8
42 50 2
42 58 14
42 50 20
42 57 15
42 48 10
42 62 16
42 52 11
42 47 5
42 51 14
42 50 4
42 53 2
42 43 16
43 59 2
43 52 16
43 59 18
43 45 13
43 46 15
43 47 19
43 48 12
43 55 7
43 59 8
43 50 15
43 46 8
43 57 6
44 50 12
44 49 16
44 58 10
44 52 8
44 50 11
44 63 17
44 47 16
44 54 2
44 57 9
44 46 14
44 57 12
44 49 9
44 50 3
45 54 4
45 49 6
45 62 2
45 57 9
45 59 10
45 54 10
46 62 6
47 48 5
47 60 11
47 63 5
48 50 2
48 62 3
48 59 6
49 52 15
49 52 16
49 60 10
50 63 20
51 63 11
51 55 15
51 52 1
51 59 12
51 54 11
51 57 19
51 59 20
51 62 5
51 58 7
51 61 18
51 55 5
52 55 4
52 53 5
53 57 6
53 56 6
54 60 17
54 57 2
54 62 5
54 60 19
54 59 7
55 61 9
55 63 10
55 58 2
55 57 20
55 55 3
56 62 4
56 60 8
56 60 11
56 62 19
56 56 3
57 60 9
57 57 12
57 63 15
57 61 3
58 60 8
58 61 3
59 61 18
59 61 16
60 63 8
61 62 3
62 63 18
63 63 14
