12
22
35
43
43
55
58
78
106
128
176
184
186
212
223
228
240
264
265
291
307
313
315
316
323
327
333
345
346
347
347
353
355
368
381
388
391
393
402
402
421
423
429
441
477
484
489
490
497
512
513
517
543
557
561
564
565
584
587
594
597
599
601
609
614
635
640
662
672
686
699
702
707
707
709
710
716
741
745
749
753
771
772
773
776
789
793
799
803
808
810
854
857
875
883
896
902
904
906
925
939
945
945
949
955
960
971
982
988
992
1003
1023
1052
1056
1063
1072
1073
1077
1082
1095
1097
1101
1104
1110
1121
1126
1126
1131
1140
1145
1150
1161
1163
1173
1192
1197
1198
1207
1215
1220
1226
1244
1253
1274
1278
1280
1283
1294
1307
1309
1319
1352
1368
1384
1388
1389
1389
1418
1418
1423
1431
1433
1436
1436
1446
1453
1453
1472
1473
1477
1481
1482
1487
1500
1506
1506
1509
1511
1522
1524
1532
1535
1536
1539
1568
1580
1587
1588
1599
1619
1619
1631
1632
1666
1667
1677
1680
1681
1704
1715
1716
1717
1720
1724
1725
1733
1737
1737
1754
1755
1817
1817
1819
1833
1842
1867
1890
1898
1909
1909
1921
1930
1946
1953
1958
1966
1983
1990
2002
2012
2017
2017
2022
2042
2062
2067
2078
2085
2087
2101
2105
2106
2107
2111
2115
2133
2158
2187
2224
2238
2241
2255
2259
2260
2271
2272
2282
2294
2315
2321
2327
2327
2334
2367
2369
2371
2382
2383
2383
2383
2391
2404
2409
2416
2435
2470
2471
2473
2483
2485
2490
2491
2503
2504
2523
2526
2528
2531
2567
2567
2573
2589
2593
2600
2622
2622
2636
2641
2648
2651
2658
2681
2681
2698
2706
2719
2724
2725
2733
2736
2737
2739
2748
2764
2764
2769
2772
2772
2784
2788
2801
2810
2826
2831
2839
2845
2883
2888
2897
2897
2903
2905
2913
2925
2927
2945
2956
2958
2966
2972
2973
2979
2981
2990
2991
2994
3008
3010
3012
3023
3025
3028
3036
3036
3076
3080
3108
3117
3144
3149
3155
3157
3164
3167
3178
3191
3197
3202
3207
3207
3208
3221
3222
3223
3237
3251
3268
3276
3304
3306
3311
3332
3333
3334
3339
3343
3350
3360
3369
3372
3375
3385
3406
3414
3427
3432
3436
3437
3452
3453
3457
3468
3470
3474
3479
3482
3488
3499
3510
3513
3515
3517
3524
3527
3537
3544
3546
3548
3557
3570
3570
3583
3584
3617
3639
3642
3645
3666
3668
3690
3701
3713
3746
3749
3756
3762
3765
3788
3792
3792
3796
3800
3802
3804
3804
3807
3811
3813
3838
3846
3855
3856
3857
3885
3885
3889
3895
3898
3909
3911
3919
3924
3931
3934
3934
3944
3954
3957
3964
3976
3977
3989
3997
4003
4015
4015
4020
4028
4033
4042
4044
4051
4055
4056
4056
4058
4069
4069
4083
4084
4088
4130
4179
4189
4195
4215
4218
4221
4251
4262
4263
4267
4274
4275
4277
4282
4284
4287
4295
4305
4315
4327
4338
4340
4345
4351
4353
4359
4376
4377
4381
4384
4398
4399
4405
4418
4427
4428
4431
4441
4446
4453
4457
4462
4465
4467
4467
4473
4474
4474
4481
4482
4484
4489
4490
4494
4502
4513
4516
4520
4524
4525
4531
4535
4557
4566
4580
4580
4585
4589
4592
4604
4624
4625
4639
4673
4688
4702
4703
4712
4744
4747
4750
4753
4767
4785
4791
4829
4835
4845
4864
4865
4868
4868
4876
4880
4885
4889
4894
4911
4921
4921
4929
4936
4937
4969
4984
4990
4998
5001
5003
5006
5022
5030
5039
5044
5048
5063
5064
5069
5087
5088
5092
5094
5098
5099
5105
5121
5121
5125
5139
5140
5143
5147
5148
5174
5195
5195
5204
5214
5220
5220
5220
5221
5224
5231
5247
5265
5274
5275
5277
5283
5293
5295
5299
5311
5342
5363
5382
5391
5420
5429
5437
5440
5448
5462
5474
5484
5485
5495
5518
5536
5542
5544
5563
5563
5569
5585
5589
5593
5602
5613
5613
5619
5619
5633
5635
5654
5656
5659
5662
5664
5667
5694
5700
5709
5710
5717
5723
5735
5739
5747
5763
5772
5789
5792
5812
5824
5829
5832
5849
5857
5865
5868
5873
5873
5886
5892
5903
5904
5907
5909
5934
5934
5939
5941
5943
5949
5950
5952
5959
5963
5967
6000
6015
6015
6017
6027
6032
6035
6038
6040
6048
6076
6077
6078
6083
6084
6087
6092
6093
6101
6106
6107
6107
6107
6112
6116
6126
6139
6152
6163
6165
6168
6176
6177
6189
6198
6199
6215
6227
6227
6253
6256
6257
6265
6307
6308
6316
6321
6322
6330
6332
6381
6389
6402
6409
6414
6416
6422
6435
6445
6449
6451
6454
6477
6480
6482
6490
6496
6507
6509
6524
6529
6531
6534
6546
6552
6559
6563
6571
6572
6582
6583
6584
6592
6607
6608
6618
6619
6629
6631
6638
6652
6661
6670
6671
6672
6696
6703
6707
6710
6718
6721
6733
6737
6746
6769
6772
6800
6804
6807
6813
6836
6892
6895
6896
6901
6905
6913
6916
6922
6926
6929
6945
6977
6979
6988
7013
7017
7022
7024
7026
7039
7058
7066
7075
7087
7088
7102
7120
7127
7140
7143
7146
7147
7152
7164
7172
7177
7177
7191
7194
7198
7204
7213
7218
7222
7227
7229
7235
7235
7240
7249
7253
7263
7282
7282
7283
7300
7313
7315
7342
7357
7366
7373
7376
7385
7391
7395
7397
7415
7417
7422
7431
7439
7445
7446
7450
7458
7462
7479
7484
7485
7489
7491
7499
7499
7506
7526
7552
7553
7565
7568
7570
7573
7575
7577
7588
7603
7607
7615
7622
7662
7676
7678
7683
7699
7703
7708
7718
7722
7728
7744
7758
7771
7776
7776
7782
7799
7808
7820
7821
7834
7841
7856
7858
7859
7861
7872
7877
7880
7918
7921
7922
7923
7930
7944
7984
7990
7999
8007
8008
8020
8028
8041
8044
8047
8059
8066
8068
8074
8076
8077
8079
8079
8080
8083
8088
8096
8103
8113
8121
8128
8133
8141
8156
8164
8169
8185
8193
8199
8210
8222
8224
8237
8239
8268
8277
8280
8300
8306
8307
8324
8339
8339
8349
8363
8378
8382
8402
8413
8414
8420
8438
8442
8449
8454
8455
8462
8481
8519
8524
8527
8535
8536
8537
8538
8550
8550
8562
8564
8566
8580
8595
8599
8609
8616
8620
8620
8625
8645
8651
8651
8661
8678
8683
8689
8691
8716
8720
8722
8723
8723
8733
8745
8753
8758
8770
8770
8822
8830
8838
8842
8842
8845
8852
8857
8863
8867
8874
8875
8900
8903
8918
8922
8939
8946
8951
8967
8968
8971
8974
8981
8991
8996
8998
9018
9027
9030
9031
9033
9033
9039
9042
9050
9078
9081
9087
9097
9099
9131
9131
9133
9135
9144
9144
9147
9157
9165
9166
9168
9180
9182
9204
9223
9238
9239
9245
9263
9264
9265
9276
9281
9305
9307
9334
9367
9368
9371
9389
9392
9396
9406
9421
9441
9445
9450
9460
9463
9473
9492
9529
9547
9566
9569
9578
9581
9587
9590
9593
9593
9596
9603
9610
9618
9621
9634
9636
9649
9659
9662
9662
9665
9683
9690
9692
9703
9713
9724
9726
9726
9733
9733
9741
9771
9774
9774
9797
9815
9831
9831
9847
9854
9866
9872
9872
9878
9881
9888
9889
9896
9898
9902
9904
9906
9913
9920
9922
9941
9954
9963
9965
9972
9981
10013
10018
10025
10030
10035
10051
10061
10061
10069
10070
10077
10078
10083
10083
10096
10121
10125
10145
10158
10159
10165
10177
10181
10190
10198
10224
10236
10257
10258
10285
10303
10312
10328
10335
10335
10337
10351
10351
10356
10360
10363
10388
10393
10394
10395
10396
10414
10419
10420
10423
10426
10428
10429
10437
10444
10458
10463
10476
10480
10491
10499
10516
10519
10536
10546
10547
10551
10554
10573
10581
10584
10589
10609
10610
10610
10613
10619
10632
10637
10652
10654
10675
10678
10694
10704
10706
10717
10717
10734
10736
10753
10758
10791
10796
10803
10817
10832
10833
10833
10843
10854
10872
10876
10878
10879
10879
10894
10909
10916
10936
10936
10938
10942
10952
10955
10957
10960
10965
10984
10988
10989
10996
11008
11009
11013
11014
11016
11018
11023
11023
11025
11026
11040
11051
11055
11062
11084
11087
11108
11129
11129
11134
11139
11140
11152
11154
11165
11169
11175
11185
11194
11214
11216
11227
11238
11256
11263
11271
11279
11282
11299
11310
11313
11317
11326
11335
11343
11353
11355
11367
11367
11370
11371
11379
11381
11386
11392
11427
11431
11438
11448
11458
11465
11473
11488
11500
11503
11507
11511
11517
11517
11518
11518
11519
11525
11537
11550
11562
11599
11613
11626
11676
11693
11703
11707
11711
11713
11718
11726
11736
11745
11748
11752
11761
11762
11773
11778
11790
11814
11815
11816
11822
11834
11835
11842
11855
11865
11865
11867
11881
11883
11936
11946
11951
11957
11962
11966
11982
11991
12002
12018
12022
12034
12048
12056
12068
12068
12071
12075
12077
12079
12094
12100
12113
12137
12142
12144
12181
12187
12202
12204
12206
12212
12236
12243
12261
12270
12270
12284
12315
12324
12337
12360
12364
12373
12375
12379
12379
12384
12384
12398
12403
12404
12404
12407
12418
12430
12448
12459
12485
12486
12491
12501
12503
12513
12516
12531
12531
12536
12538
12545
12561
12567
12596
12597
12602
12609
12615
12624
12624
12629
12646
12651
12652
12654
12655
12672
12677
12677
12680
12683
12691
12701
12708
12722
12723
12735
12736
12748
12763
12767
12770
12778
12780
12782
12784
12784
12800
12806
12808
12817
12818
12823
12823
12838
12842
12845
12850
12852
12862
12863
12865
12873
12875
12885
12887
12887
12900
12903
12903
12904
12926
12930
12944
12965
12973
12975
12984
13009
13030
13031
13034
13042
13055
13066
13069
13075
13090
13102
13116
13122
13140
13155
13162
13169
13170
13175
13182
13193
13195
13203
13209
13213
13214
13215
13217
13218
13218
13219
13223
13239
13250
13273
13280
13281
13282
13283
13292
13296
13312
13315
13327
13345
13353
13380
13383
13386
13388
13390
13426
13433
13442
13451
13464
13466
13473
13476
13478
13494
13494
13496
13533
13549
13553
13556
13566
13572
13578
13579
13583
13583
13590
13593
13601
13611
13622
13628
13632
13635
13642
13647
13661
13673
13683
13692
13695
13698
13701
13718
13720
13739
13739
13743
13757
13761
13795
13795
13796
13799
13812
13827
13841
13843
13858
13866
13872
13873
13874
13884
13886
13903
13905
13909
13919
13940
13940
13942
13947
13960
13978
13978
13978
13981
13988
14011
14014
14018
14027
14061
14095
14096
14104
14128
14132
14137
14138
14143
14150
14153
14154
14164
14183
14185
14189
14199
14201
14206
14212
14216
14249
14260
14263
14272
14281
14287
14299
14302
14306
14310
14312
14315
14321
14331
14378
14390
14397
14410
14415
14418
14427
14432
14435
14444
14445
14449
14462
14472
14485
14498
14505
14522
14536
14542
14546
14549
14566
14566
14566
14574
14575
14587
14619
14619
14620
14626
14641
14642
14645
14651
14667
14677
14677
14678
14701
14703
14718
14721
14727
14740
14749
14761
14765
14767
14767
14779
14787
14792
14801
14803
14823
14830
14835
14837
14846
14853
14854
14854
14873
14877
14891
14892
14896
14898
14901
14903
14940
14941
14941
14945
14947
14961
14961
14961
14973
14995
15021
15027
15030
15032
15036
15054
15063
15066
15068
15070
15075
15076
15079
15094
15096
15101
15104
15105
15109
15125
15131
15134
15146
15152
15164
15168
15172
15180
15184
15189
15191
15200
15200
15203
15220
15225
15239
15272
15273
15293
15304
15306
15311
15333
15365
15367
15370
15382
15389
15401
15414
15415
15421
15427
15433
15448
15451
15452
15457
15458
15459
15480
15487
15494
15495
15500
15503
15509
15521
15537
15570
15574
15590
15631
15647
15655
15669
15671
15676
15688
15691
15708
15728
15734
15744
15754
15756
15759
15777
15781
15785
15797
15798
15824
15835
15851
15855
15857
15859
15860
15861
15861
15862
15866
15874
15888
15891
15908
15945
15954
15956
15959
15962
15971
15973
15980
16006
16013
16014
16021
16021
16038
16038
16049
16056
16069
16099
16106
16106
16109
16120
16144
16145
16149
16151
16155
16157
16160
16164
16179
16187
16203
16211
16212
16229
16231
16250
16261
16262
16263
16268
16275
16292
16292
16295
16307
16310
16330
16332
16336
16336
16341
16352
16358
16379
16403
16407
16411
16413
16420
16423
16431
16438
16442
16453
16454
16454
16459
16475
16480
16483
16508
16514
16516
16524
16537
16552
16568
16569
16578
16599
16601
16606
16623
16645
16650
16652
16672
16681
16702
16715
16731
16737
16742
16744
16748
16752
16755
16756
16756
16780
16784
16794
16795
16807
16809
16814
16828
16843
16847
16855
16875
16883
16887
16890
16892
16897
16905
16913
16917
16926
16926
16932
16941
16952
16953
16962
16966
16966
16975
16982
16985
16989
16994
17004
17011
17012
17013
17018
17021
17029
17034
17036
17040
17042
17047
17048
17055
17063
17069
17078
17078
17079
17081
17085
17088
17097
17112
17118
17119
17131
17131
17137
17140
17143
17167
17170
17201
17209
17212
17218
17221
17226
17230
17231
17254
17292
17299
17299
17313
17316
17322
17335
17336
17353
17355
17379
17387
17388
17389
17391
17394
17413
17414
17418
17429
17438
17445
17447
17456
17456
17462
17478
17481
17493
17497
17499
17501
17505
17506
17531
17533
17534
17537
17538
17545
17550
17573
17577
17578
17588
17604
17630
17631
17649
17654
17655
17658
17675
17676
17688
17689
17703
17712
17727
17730
17734
17749
17751
17762
17777
17795
17798
17800
17800
17807
17809
17824
17827
17830
17843
17853
17855
17857
17879
17881
17882
17901
17920
17924
17925
17957
17962
17978
17987
17990
17995
17995
18024
18025
18044
18069
18074
18082
18088
18090
18132
18133
18138
18149
18153
18157
18159
18167
18168
18175
18187
18211
18216
18220
18220
18229
18230
18231
18238
18262
18275
18275
18283
18285
18293
18295
18310
18314
18327
18353
18363
18369
18371
18373
18387
18400
18407
18417
18422
18424
18424
18439
18439
18455
18457
18466
18471
18473
18483
18507
18508
18511
18513
18514
18516
18516
18519
18539
18553
18558
18560
18566
18570
18596
18600
18608
18614
18619
18638
18657
18660
18673
18682
18699
18703
18704
18714
18716
18717
18719
18725
18752
18762
18771
18772
18792
18796
18800
18800
18805
18817
18832
18842
18842
18860
18883
18909
18923
18935
18951
18955
18968
18998
18998
19013
19016
19017
19030
19033
19033
19034
19046
19050
19056
19060
19061
19065
19069
19072
19073
19090
19099
19107
19110
19113
19120
19125
19125
19128
19152
19157
19169
19172
19173
19184
19189
19190
19192
19193
19194
19196
19211
19217
19218
19219
19235
19235
19243
19244
19275
19277
19278
19281
19289
19296
19307
19309
19313
19323
19325
19330
19344
19351
19353
19359
19372
19397
19398
19403
19413
19426
19426
19427
19431
19437
19442
19446
19451
19452
19467
19492
19515
19519
19525
19527
19538
19540
19545
19553
19561
19577
19581
19588
19612
19644
19646
19656
19659
19661
19664
19674
19674
19684
19697
19721
19742
19745
19745
19748
19752
19753
19754
19757
19767
19773
19779
19779
19781
19799
19808
19818
19831
19834
19842
19853
19855
19858
19859
19872
19883
19893
19897
19901
19914
19923
19935
19954
19960
19966
19973
19975
19984
19988
19989
19997
19998
19999
20001
20006
20016
20026
20043
20061
20062
20080
20082
20086
20118
20127
20133
20138
20148
20166
20173
20192
20193
20195
20215
20216
20227
20227
20227
20228
20236
20236
20237
20257
20257
20263
20267
20267
20275
20283
20292
20296
20304
20305
20314
20315
20315
20320
20329
20338
20347
20368
20378
20385
20385
20394
20395
20400
20408
20409
20411
20413
20421
20422
20432
20444
20444
20449
20449
20457
20465
20471
20485
20492
20495
20498
20509
20514
20516
20518
20526
20530
20540
20543
20544
20549
20551
20557
20568
20588
20592
20599
20607
20623
20637
20642
20645
20655
20664
20665
20667
20697
20710
20714
20720
20721
20724
20726
20750
20767
20775
20790
20793
20794
20797
20797
20798
20810
20813
20822
20829
20834
20842
20854
20857
20862
20865
20870
20901
20903
20904
20909
20911
20913
20933
20934
20952
20958
20962
20975
20976
20976
20986
20991
21008
21011
21051
21051
21059
21059
21070
21070
21076
21077
21088
21092
21093
21101
21102
21108
21111
21118
21120
21125
21133
21133
21154
21155
21155
21159
21160
21161
21167
21169
21213
21215
21218
21220
21237
21242
21257
21297
21297
21310
21310
21312
21316
21327
21331
21333
21338
21347
21355
21373
21376
21385
21387
21388
21397
21402
21417
21429
21435
21442
21455
21456
21469
21471
21474
21497
21507
21507
21513
21517
21521
21530
21536
21542
21547
21548
21550
21553
21562
21562
21573
21585
21590
21592
21593
21600
21607
21630
21640
21643
21643
21652
21655
21657
21667
21668
21675
21686
21688
21689
21690
21715
21720
21723
21737
21739
21740
21744
21761
21767
21770
21777
21788
21790
21798
21823
21830
21832
21852
21857
21859
21865
21879
21892
21913
21914
21917
21918
21925
21929
21931
21935
21949
21953
21977
21979
21984
21994
21998
22002
22006
22034
22037
22037
22044
22048
22048
22062
22065
22068
22088
22090
22092
22098
22111
22114
22120
22121
22122
22127
22135
22143
22155
22158
22201
22202
22203
22205
22224
22232
22233
22237
22244
22256
22279
22311
22349
22356
22377
22396
22397
22402
22404
22414
22419
22429
22430
22433
22437
22445
22446
22461
22471
22475
22492
22494
22506
22521
22522
22533
22535
22543
22553
22562
22563
22620
22628
22629
22651
22651
22661
22665
22668
22670
22674
22704
22706
22710
22729
22733
22735
22749
22750
22756
22767
22787
22787
22789
22797
22800
22801
22804
22807
22813
22814
22820
22845
22862
22866
22871
22874
22876
22879
22888
22889
22936
22948
22960
22969
22975
22980
22981
22982
22994
23005
23007
23012
23013
23035
23041
23042
23051
23061
23068
23071
23072
23078
23082
23087
23091
23098
23099
23114
23117
23117
23131
23138
23142
23145
23149
23151
23151
23154
23158
23161
23171
23178
23181
23188
23193
23197
23211
23225
23264
23269
23269
23282
23283
23287
23311
23318
23324
23330
23350
23356
23357
23368
23370
23371
23371
23375
23399
23403
23414
23421
23427
23440
23442
23486
23498
23499
23504
23509
23520
23526
23536
23536
23541
23544
23547
23551
23553
23590
23602
23607
23636
23637
23650
23656
23681
23686
23711
23713
23755
23768
23778
23778
23779
23814
23816
23822
23830
23839
23842
23855
23878
23885
23894
23897
23917
23920
23927
23935
23935
23937
23949
23968
23980
23989
23992
23999
24000
24010
24015
24017
24018
24024
24032
24057
24061
24063
24063
24067
24073
24091
24105
24105
24106
24110
24114
24119
24125
24132
24160
24161
24161
24166
24180
24183
24196
24203
24215
24219
24221
24235
24248
24261
24273
24286
24294
24306
24311
24312
24314
24314
24317
24350
24363
24367
24374
24374
24387
24394
24420
24427
24435
24448
24467
24472
24477
24479
24484
24495
24496
24500
24524
24530
24535
24548
24551
24557
24558
24576
24614
24619
24629
24632
24637
24645
24645
24650
24650
24650
24653
24675
24676
24698
24717
24722
24724
24742
24747
24758
24770
24780
24787
24788
24798
24822
24827
24828
24849
24865
24877
24884
24884
24887
24889
24896
24916
24920
24922
24938
24944
24949
24959
24964
24977
24982
24983
24996
24998
24999
25009
25019
25022
25028
25042
25045
25052
25066
25076
25080
25087
25093
25106
25113
25114
25122
25127
25130
25136
25152
25153
25162
25172
25175
25189
25197
25202
25206
25208
25208
25210
25211
25212
25227
25230
25233
25233
25251
25253
25255
25266
25270
25271
25273
25296
25305
25308
25320
25322
25331
25338
25358
25364
25369
25374
25384
25392
25393
25394
25400
25409
25458
25458
25459
25462
25466
25469
25473
25487
25506
25508
25508
25509
25509
25513
25518
25520
25521
25524
25534
25569
25575
25581
25606
25606
25617
25618
25622
25646
25682
25686
25689
25691
25701
25716
25726
25729
25735
25741
25754
25757
25778
25788
25808
25821
25826
25828
25834
25837
25837
25840
25843
25854
25876
25879
25881
25882
25893
25894
25935
25938
25947
25991
26000
26002
26015
26015
26021
26029
26030
26034
26037
26050
26053
26061
26062
26070
26071
26083
26088
26096
26108
26110
26113
26133
26134
26134
26152
26172
26181
26181
26182
26193
26196
26202
26210
26228
26229
26234
26235
26239
26250
26253
26260
26261
26265
26292
26294
26298
26346
26350
26355
26356
26361
26363
26379
26379
26399
26424
26443
26447
26460
26465
26477
26481
26487
26492
26501
26511
26533
26536
26553
26558
26565
26584
26589
26591
26593
26610
26613
26619
26623
26623
26627
26628
26639
26659
26677
26684
26686
26686
26690
26712
26741
26743
26748
26752
26753
26760
26767
26775
26780
26793
26799
26801
26804
26828
26830
26831
26836
26853
26860
26861
26863
26864
26868
26868
26871
26880
26880
26886
26914
26915
26922
26923
26939
26942
26948
26971
26972
26984
26992
26998
27000
27003
27011
27011
27039
27049
27063
27092
27094
27094
27110
27111
27113
27117
27129
27137
27145
27156
27170
27188
27195
27196
27196
27229
27242
27245
27269
27284
27290
27294
27312
27320
27349
27368
27373
27390
27390
27403
27413
27413
27414
27420
27425
27452
27455
27462
27467
27472
27475
27487
27505
27516
27517
27520
27521
27521
27521
27523
27524
27557
27557
27564
27564
27564
27569
27598
27605
27607
27615
27625
27627
27630
27636
27638
27640
27660
27677
27691
27695
27705
27708
27709
27716
27726
27729
27741
27753
27763
27763
27768
27769
27770
27772
27777
27782
27794
27802
27816
27816
27830
27831
27831
27856
27861
27861
27862
27870
27877
27884
27886
27888
27898
27898
27903
27906
27913
27916
27917
27922
27936
27941
27946
27949
27954
27957
27966
27970
27972
27978
27979
27980
27981
27989
28013
28021
28021
28026
28027
28032
28042
28045
28046
28046
28049
28052
28053
28061
28068
28091
28091
28099
28099
28102
28102
28137
28146
28148
28161
28194
28197
28204
28208
28238
28241
28247
28251
28277
28277
28287
28296
28303
28310
28320
28334
28335
28338
28365
28366
28384
28387
28402
28404
28416
28420
28425
28427
28454
28466
28469
28471
28476
28488
28498
28502
28504
28514
28519
28519
28526
28552
28561
28570
28587
28590
28595
28606
28606
28615
28631
28642
28659
28673
28682
28693
28694
28695
28699
28712
28714
28730
28732
28734
28734
28735
28737
28746
28750
28751
28753
28756
28763
28773
28774
28790
28791
28797
28798
28800
28808
28811
28817
28825
28828
28830
28833
28835
28840
28849
28851
28853
28861
28864
28870
28904
28909
28914
28932
28938
28945
28950
28953
28962
28984
28985
28989
29003
29011
29011
29019
29026
29030
29041
29048
29051
29062
29064
29067
29078
29085
29086
29093
29118
29124
29126
29144
29171
29187
29188
29201
29204
29217
29226
29234
29238
29241
29251
29262
29262
29273
29273
29276
29288
29290
29293
29310
29323
29337
29348
29353
29357
29365
29370
29376
29377
29380
29389
29403
29403
29405
29411
29429
29433
29440
29441
29465
29480
29488
29489
29493
29499
29502
29522
29532
29549
29550
29554
29573
29578
29590
29595
29640
29665
29668
29697
29700
29722
29725
29737
29745
29746
29746
29762
29774
29779
29796
29798
29801
29819
29834
29844
29845
29847
29879
29880
29895
29896
29899
29907
29912
29912
29915
29921
29923
29932
29944
29949
29956
29960
29969
29990
29991
29997
29997
29998
30009
30013
30014
30019
30043
30069
30091
30091
30099
30148
30164
30179
30180
30182
30186
30192
30198
30201
30208
30209
30209
30211
30211
30221
30224
30227
30237
30237
30240
30241
30245
30253
30259
30270
30299
30299
30311
30314
30318
30319
30322
30324
30325
30326
30332
30345
30345
30348
30348
30351
30353
30358
30385
30386
30388
30397
30417
30427
30464
30494
30496
30501
30513
30517
30517
30518
30520
30528
30530
30530
30535
30536
30550
30559
30563
30568
30590
30591
30595
30601
30602
30613
30624
30648
30659
30662
30662
30662
30663
30664
30665
30680
30681
30684
30705
30707
30732
30744
30747
30764
30767
30785
30801
30823
30835
30844
30849
30858
30858
30864
30876
30902
30907
30910
30921
30922
30934
30936
30938
30939
30951
30964
30968
30977
30978
30980
30980
30998
31040
31042
31047
31052
31053
31058
31063
31064
31100
31114
31125
31136
31141
31147
31147
31157
31174
31176
31183
31187
31203
31211
31224
31242
31256
31257
31262
31266
31270
31271
31273
31274
31284
31285
31290
31311
31313
31314
31315
31321
31326
31331
31354
31370
31382
31383
31402
31406
31412
31413
31430
31431
31444
31447
31471
31472
31472
31481
31528
31533
31534
31538
31546
31546
31560
31561
31564
31570
31572
31579
31583
31588
31591
31591
31597
31599
31602
31604
31611
31631
31645
31683
31700
31700
31705
31706
31711
31715
31717
31726
31726
31728
31732
31767
31767
31774
31787
31788
31792
31819
31824
31825
31831
31834
31843
31848
31857
31858
31883
31884
31891
31891
31897
31909
31909
31918
31928
31934
31949
31950
31959
31963
31970
31971
31974
31976
31984
31990
31997
32000
32003
32008
32016
32023
32028
32029
32040
32044
32066
32083
32085
32092
32096
32100
32116
32130
32135
32135
32144
32145
32151
32155
32163
32167
32202
32205
32228
32237
32260
32264
32265
32266
32266
32272
32273
32277
32281
32288
32290
32291
32291
32293
32307
32319
32321
32333
32342
32343
32348
32361
32365
32375
32378
32379
32382
32385
32394
32397
32403
32404
32405
32414
32414
32415
32415
32426
32436
32444
32463
32465
32471
32471
32494
32496
32497
32497
32501
32522
32525
32534
32541
32552
32568
32569
32593
32603
32610
32613
32618
32629
32631
32641
32643
32646
32650
32652
32667
32671
32681
32684
32686
32705
32718
32734
32745
