2
25
51
75
270
345
380
388
490
498
534
548
625
631
744
770
779
814
952
956
1043
1106
1130
1144
1209
1234
1272
1289
1355
1405
1551
1693
1774
1825
1894
1998
2016
2037
2334
2402
2435
2444
2502
2564
2592
2632
2708
2782
2829
2889
2988
3008
3152
3246
3291
3291
3320
3383
3397
3468
3478
3493
3520
3575
3624
3642
3671
3764
3801
3939
4034
4184
4284
4461
4494
4585
4591
4698
4712
4731
4817
4882
4974
4977
4990
5049
5236
5268
5279
5279
5304
5307
5315
5368
5376
5405
5413
5417
5579
5591
5671
5773
5892
5969
5984
6073
6076
6375
6381
6472
6534
6559
6596
6648
6708
6739
6952
7025
7087
7109
7167
7168
7334
7370
7395
7417
7431
7664
7708
7834
7898
8091
8377
8378
8514
8540
8558
8564
8635
8661
8662
8664
8747
8759
8946
9021
9030
9059
9264
9322
9336
9337
9354
9381
9462
9493
9520
9647
9656
9740
9866
10027
10073
10088
10213
10250
10271
10366
10404
10440
10446
10452
10513
10526
10622
10707
10743
10775
10786
10850
10933
11039
11073
11109
11534
11703
11817
11859
11904
11921
11966
11978
11978
12113
12191
12202
12508
12581
12614
12637
12712
12755
12778
12905
13004
13137
13232
13294
13325
13382
13505
13765
13853
13936
13966
14043
14071
14178
14279
14289
14330
14340
14360
14383
14391
14409
14482
14537
14746
14776
14870
14979
15010
15037
15039
15123
15184
15446
15699
15778
15829
15889
15930
16112
16211
16268
16283
16550
16583
16705
16720
16722
16799
16840
16985
17000
17057
17066
17082
17115
17170
17316
17435
17438
17461
17523
17701
17724
17730
17793
17963
18082
18103
18147
18147
18161
18259
18283
18321
18541
18555
18604
18649
18688
18739
18823
18850
18876
18975
19028
19179
19333
19354
19476
19527
19665
19722
19763
19921
19988
20118
20198
20263
20274
20291
20315
20448
20523
20573
20618
20674
20749
20758
20786
20802
20851
20965
20972
20976
21072
21195
21206
21219
21231
21336
21369
21440
21514
21591
21618
21636
21747
21767
21925
22008
22469
22581
22660
22686
22687
22720
22805
22815
22819
22877
22980
23014
23080
23082
23213
23303
23320
23352
23387
23398
23401
23423
23521
23707
23730
23796
23875
23957
23961
23983
24006
24050
24078
24139
24281
24446
24538
24554
24657
24772
24855
24857
24859
24889
24894
24908
24924
24933
25029
25043
25095
25125
25139
25149
25202
25323
25346
25360
25539
25626
25779
25975
25997
26091
26096
26158
26203
26362
26404
26466
26477
26540
26599
26617
26633
26757
26779
26791
26822
26852
26904
26936
26993
27091
27302
27416
27442
27570
27611
27636
27663
27684
27770
27803
27853
27970
27985
28027
28034
28056
28259
28293
28306
28332
28333
28395
28431
28579
28581
28619
28669
28671
28680
28732
28788
28817
28841
28863
28994
29080
29214
29266
29385
29440
29446
29449
29482
29647
29679
29702
29740
29949
29950
30093
30166
30175
30200
30259
30284
30287
30376
30380
30395
30397
30409
30503
30551
30576
30615
30627
30652
30670
30755
30759
30765
30931
31023
31058
31286
31399
31499
31606
31616
31660
31707
31773
31912
31931
31986
32076
32195
32199
32227
32240
32279
32484
32510
