283
0 2
0 1
0 7
0 85
0 65
1 9
1 32
2 60
2 25
3 5
3 4
5 11
6 35
6 70
7 119
8 98
8 54
10 98
10 26
10 69
11 23
11 75
11 25
12 18
12 21
12 61
13 111
13 43
13 16
13 89
14 40
14 34
14 71
15 66
17 71
17 95
18 84
18 93
19 104
19 58
20 62
22 60
22 27
23 46
24 29
24 63
24 58
25 37
25 49
25 123
26 110
28 38
28 56
28 36
30 54
31 34
32 121
32 51
33 62
33 107
34 116
34 70
34 44
34 45
35 62
35 127
37 38
38 42
39 81
39 56
39 126
40 41
42 58
45 50
47 61
47 77
48 94
48 62
49 66
50 64
50 63
52 61
53 58
54 114
54 108
55 109
55 61
55 113
56 59
57 126
57 80
58 101
58 97
60 68
61 101
61 124
63 98
67 93
69 73
72 78
74 90
74 91
76 93
77 87
78 123
79 117
81 88
82 97
83 120
86 113
86 92
86 117
87 112
87 96
89 116
90 127
99 115
100 111
102 122
102 107
103 108
105 120
105 115
106 123
109 125
118 122
120 123
