1251
0 7
0 1
0 2
1 9
1 32
2 60
2 235
2 408
2 25
3 5
4 246
4 282
4 331
5 232
5 150
6 70
6 205
6 307
6 366
7 119
8 54
8 399
9 346
9 290
9 288
10 26
10 197
10 98
10 95
10 69
11 23
11 25
12 21
12 277
12 275
12 61
13 89
13 380
13 43
13 111
14 443
14 40
14 404
14 71
14 375
14 34
15 75
15 66
15 65
15 161
16 367
16 218
16 357
17 194
17 323
17 71
17 178
17 439
18 474
18 84
18 92
19 58
19 104
20 62
20 128
21 121
21 255
22 224
22 60
23 46
24 29
24 63
24 58
25 49
25 37
25 124
26 110
26 445
27 150
27 429
27 407
27 115
27 316
28 36
28 56
28 38
29 120
30 54
31 51
31 270
31 39
31 491
33 62
33 107
34 70
34 44
34 444
34 45
34 116
35 62
35 296
37 38
38 149
38 42
39 56
39 81
39 156
39 240
39 497
39 376
39 126
40 252
41 65
41 301
41 431
42 58
42 244
42 478
45 50
46 210
47 393
47 61
48 271
48 62
49 166
49 66
49 496
50 63
50 64
50 409
51 484
52 61
52 495
53 155
53 249
53 58
53 183
54 130
54 264
55 61
56 59
56 261
56 423
56 219
56 141
56 446
57 126
57 80
58 101
58 328
58 97
59 130
59 154
61 208
61 322
61 101
62 283
62 196
63 98
65 217
65 90
67 410
67 93
67 489
67 492
68 416
69 108
70 436
70 462
70 164
72 396
72 482
72 392
72 341
73 186
73 324
73 379
73 260
73 420
73 231
74 90
74 91
75 177
76 93
76 297
77 87
78 123
79 180
79 117
81 339
81 88
82 97
83 120
85 236
86 198
86 113
86 352
86 117
87 204
87 112
88 372
89 195
89 116
90 127
91 386
92 509
92 172
92 498
93 188
93 402
93 345
94 221
94 358
94 396
94 494
96 332
98 460
99 115
100 111
101 281
101 381
102 107
102 122
103 280
103 319
103 120
104 348
105 201
105 508
106 123
107 292
108 395
108 226
108 185
108 458
108 133
109 125
110 152
112 180
114 171
114 305
115 229
118 122
119 385
120 159
120 256
121 145
123 467
125 157
125 163
125 285
125 202
125 394
125 343
126 450
127 350
127 137
128 471
128 304
128 338
129 196
129 257
130 374
131 241
131 424
131 191
132 252
133 158
134 194
134 196
135 169
135 261
136 202
137 361
138 306
138 265
139 441
139 347
139 163
140 219
142 172
143 226
143 238
144 292
146 228
147 213
147 308
147 349
147 455
148 251
148 499
150 289
151 507
151 337
151 475
151 271
153 471
155 267
157 352
157 216
160 289
160 274
160 400
162 173
162 442
162 348
163 168
164 354
165 287
167 243
168 212
170 300
170 306
172 259
173 247
174 491
175 494
176 480
176 415
179 327
179 235
179 488
181 270
182 311
182 471
184 357
184 477
187 237
188 421
189 389
189 243
190 360
191 244
191 236
191 501
192 266
193 328
193 410
194 245
196 511
196 371
199 406
199 434
200 317
201 451
203 378
204 448
204 418
206 215
206 500
207 298
207 285
209 346
211 484
212 459
212 223
214 289
220 263
221 370
221 446
221 465
221 373
221 397
221 369
221 365
221 466
222 235
222 279
225 379
226 378
227 382
227 392
228 285
229 390
229 334
229 391
229 317
229 335
230 509
232 483
233 461
233 329
234 436
237 375
237 242
239 359
240 305
243 451
245 419
248 315
250 472
250 498
250 480
251 419
253 269
254 405
255 433
258 507
260 449
261 357
262 413
263 320
263 282
266 310
266 405
268 486
268 500
268 273
269 321
269 317
272 406
276 332
276 397
278 305
279 313
279 413
280 325
281 303
281 359
282 354
282 324
284 427
286 344
287 438
287 498
288 510
289 462
291 440
292 470
292 333
293 311
294 347
295 442
299 430
299 355
300 340
302 364
302 312
302 306
302 500
305 356
309 412
310 503
311 315
314 331
318 473
325 401
326 438
327 455
329 487
330 347
331 452
332 490
334 364
334 344
336 422
336 471
342 447
342 477
342 403
343 442
347 416
351 414
351 368
351 375
353 366
356 463
356 485
357 506
357 468
360 507
362 451
362 453
363 443
364 435
364 406
367 476
367 411
375 469
377 458
380 384
381 505
383 479
386 388
386 473
387 398
387 502
390 430
390 437
390 479
390 426
402 432
405 441
406 461
408 504
411 493
412 430
413 451
417 486
425 477
427 435
428 493
440 458
442 481
454 482
456 506
457 499
464 475
467 511
498 510
502 506
