14669
3701
15366
30888
19822
24331
10904
30257
14933
9230
929
4383
7346
29634
32614
28530
22038
28355
11297
22092
1960
8170
24147
10488
9497
4980
31579
22828
13274
26977
21064
11403
2700
26395
30444
31598
9400
19544
21297
19684
24256
28481
25265
29688
11797
25556
19584
4658
10667
12935
20300
9056
30378
25134
13225
30357
28007
22814
14502
14451
2706
22931
11940
29350
177
7503
13416
9393
32204
21636
19054
23021
31082
3060
12416
24782
7869
15959
16776
1897
10010
5373
16803
307
14508
7092
21110
23052
7528
27628
453
6780
26179
4889
9793
316
20131
14425
32418
30200
